Name	3UTR	5UTR	CDS
uc001aja.4	3448.0	72.0	2187.0
uc001amk.3	3887.0	73.0	855.0
uc001aml.3	3887.0	468.0	567.0
uc001avw.4	735.0	519.0	762.0
uc010obk.2	735.0	446.0	762.0
uc001avz.3	985.0	488.0	408.0
uc001avx.3	735.0	415.0	762.0
uc001avy.3	735.0	488.0	762.0
uc001ayf.3	606.0	575.0	1875.0
uc001ayg.3	606.0	216.0	2154.0
uc001ayh.3	2447.0	17.0	513.0
uc009vsy.3	715.0	969.0	4812.0
uc009vsz.1	43.0	638.0	4812.0
uc021ojw.1	0.0	0.0	4812.0
uc001boh.1	2.0	1147.0	864.0
uc021omh.1	662.0	302.0	948.0
uc001cig.3	662.0	94.0	855.0
uc009vwm.3	662.0	486.0	915.0
uc001cih.3	662.0	51.0	936.0
uc021omi.1	0.0	0.0	855.0
uc001csf.3	367.0	1975.0	507.0
uc001csg.3	367.0	399.0	507.0
uc001cvb.4	602.0	515.0	1977.0
uc001cww.3	2265.0	636.0	618.0
uc009vzo.3	2265.0	320.0	948.0
uc001cwx.5	2265.0	774.0	504.0
uc001cwy.4	2265.0	615.0	504.0
uc001cxy.3	836.0	122.0	1428.0
uc021ont.1	0.0	0.0	1428.0
uc010ous.2	1451.0	71.0	1128.0
uc001dxx.4	607.0	382.0	1482.0
uc021org.1	0.0	0.0	1482.0
uc001ecy.3	2043.0	363.0	1503.0
uc001ecx.3	2043.0	832.0	1503.0
uc001ecz.3	926.0	986.0	1293.0
uc009wgy.1	6845.0	271.0	1569.0
uc001efv.1	6845.0	271.0	1575.0
uc021ose.1	6845.0	215.0	1575.0
uc001egv.1	3383.0	137.0	2640.0
uc009whe.2	1250.0	588.0	1689.0
uc001egz.2	1250.0	588.0	1743.0
uc001exp.1	0.0	452.0	2142.0
uc009wmo.3	696.0	967.0	3714.0
uc001exq.3	696.0	98.0	3714.0
uc009wmp.3	1159.0	17.0	3312.0
uc001fez.2	4070.0	437.0	1407.0
uc021paf.1	541.0	437.0	1059.0
uc001ffa.2	4285.0	437.0	1098.0
uc001fff.1	1863.0	91.0	1269.0
uc001fgj.4	1840.0	285.0	1722.0
uc010peq.3	1840.0	458.0	1722.0
uc009wpa.3	1840.0	243.0	1620.0
uc001fgk.4	1840.0	164.0	1620.0
uc031ppr.1	1840.0	320.0	1620.0
uc001fgl.4	1840.0	213.0	1620.0
uc001fpt.1	728.0	183.0	1062.0
uc001fps.1	728.0	261.0	1062.0
uc001fuv.1	2796.0	254.0	1272.0
uc010plm.3	5989.0	152.0	1248.0
uc001gfb.4	5989.0	580.0	1194.0
uc001gfc.4	5989.0	635.0	1590.0
uc010pll.3	5989.0	311.0	1356.0
uc010pln.3	5989.0	618.0	1650.0
uc009wvo.4	5989.0	177.0	1641.0
uc001gfd.4	5989.0	641.0	1590.0
uc001gfe.1	98.0	59.0	1224.0
uc001gii.1	NA	NA	NA
uc001gio.3	272.0	311.0	894.0
uc001gin.3	272.0	334.0	894.0
uc021pey.1	0.0	0.0	894.0
uc001goe.2	474.0	232.0	1173.0
uc001got.4	957.0	401.0	984.0
uc001gwu.3	7042.0	347.0	5625.0
uc021phi.1	7042.0	347.0	5634.0
uc001gwv.1	0.0	569.0	2214.0
uc001gww.2	0.0	189.0	2442.0
uc001gwx.3	7042.0	189.0	4452.0
uc001gwy.1	3951.0	194.0	1716.0
uc001gxg.4	1864.0	3192.0	1116.0
uc001gxi.4	1864.0	267.0	1116.0
uc001gxh.4	1864.0	153.0	1116.0
uc001hal.3	2092.0	595.0	822.0
uc001ham.3	1609.0	595.0	1869.0
uc010pqp.2	1609.0	1.0	1866.0
uc010pqq.2	1609.0	266.0	1470.0
uc021pia.1	1219.0	655.0	2130.0
uc010prf.2	1219.0	225.0	1896.0
uc001hca.3	1219.0	23.0	1455.0
uc001hcb.2	1219.0	189.0	1410.0
uc001hcc.2	1219.0	526.0	993.0
uc001hcd.3	1998.0	457.0	1209.0
uc031prv.1	1997.0	126.0	297.0
uc001hnu.2	23.0	326.0	4575.0
uc001hoj.3	962.0	129.0	972.0
uc010pvo.2	2981.0	340.0	2841.0
uc001hqh.3	719.0	340.0	1935.0
uc001hts.1	902.0	136.0	4575.0
uc009xfd.1	902.0	167.0	4575.0
uc001hwf.3	2868.0	31.0	1716.0
uc001hwg.3	2868.0	31.0	1764.0
uc009xfw.3	2868.0	203.0	594.0
uc001ico.3	199.0	465.0	1764.0
uc009xgv.3	199.0	37.0	1872.0
uc001icq.1	1550.0	24.0	363.0
uc010pyv.1	7.0	37.0	795.0
uc001iuj.1	538.0	403.0	783.0
uc009xlf.2	997.0	381.0	1404.0
uc001ivi.2	997.0	612.0	1404.0
uc001ivj.2	997.0	117.0	1404.0
uc001jmg.3	2607.0	304.0	813.0
uc001jsn.3	5093.0	440.0	1440.0
uc001jsx.1	851.0	202.0	699.0
uc001juy.1	1774.0	43.0	864.0
uc001juz.1	256.0	43.0	1431.0
uc001jva.3	533.0	43.0	1479.0
uc001jvo.2	2017.0	130.0	1584.0
uc001jvs.2	2017.0	130.0	1620.0
uc001jvm.2	2017.0	130.0	1671.0
uc001jvt.2	NA	NA	NA
uc001jvr.2	2017.0	130.0	1488.0
uc001jvq.2	2017.0	130.0	1515.0
uc001jvp.2	2017.0	130.0	1557.0
uc009xrp.1	12.0	260.0	438.0
uc001jvv.2	230.0	130.0	1728.0
uc001jvx.1	37.0	30.0	261.0
uc001jvw.1	37.0	30.0	288.0
uc010qkv.2	480.0	374.0	603.0
uc001jxg.3	904.0	336.0	1941.0
uc001jzi.3	1649.0	363.0	2025.0
uc001jzj.3	1649.0	55.0	4005.0
uc001jzk.3	1649.0	70.0	5760.0
uc009xru.1	NA	NA	NA
uc001jzl.4	139.0	64.0	2841.0
uc001kaf.2	3779.0	572.0	3204.0
uc001kae.3	1024.0	226.0	408.0
uc001kag.2	3779.0	163.0	2832.0
uc001kah.1	3150.0	92.0	1008.0
uc010qlq.1	3779.0	118.0	402.0
uc009xtf.2	NA	NA	NA
uc001kev.3	1276.0	450.0	939.0
uc001keu.3	983.0	450.0	1464.0
uc021pvv.1	983.0	372.0	861.0
uc001kho.3	1487.0	132.0	954.0
uc010qqj.2	304.0	39.0	4203.0
uc001kun.3	304.0	298.0	4629.0
uc001kum.3	304.0	39.0	4995.0
uc009xxa.3	NA	NA	NA
uc001kvy.2	3302.0	191.0	1455.0
uc001kvx.3	392.0	191.0	1302.0
uc001kvw.2	1081.0	191.0	1446.0
uc009xxf.2	NA	NA	NA
uc009xxe.2	NA	NA	NA
uc001kwy.1	713.0	87.0	5616.0
uc010qqr.2	196.0	91.0	1110.0
uc010qqs.1	7789.0	90.0	2823.0
uc010qqt.1	7789.0	91.0	2949.0
uc009xxn.1	7789.0	385.0	2823.0
uc010qqu.1	7789.0	67.0	3147.0
uc001kxj.1	7789.0	140.0	3318.0
uc001kye.4	4712.0	141.0	1644.0
uc001kyf.4	4712.0	453.0	1644.0
uc001kyg.4	4712.0	261.0	1644.0
uc021pxv.1	0.0	0.0	1644.0
uc001lfv.3	486.0	360.0	8847.0
uc001lfw.3	486.0	360.0	3285.0
uc009xzx.3	486.0	360.0	8481.0
uc010qtv.2	486.0	360.0	8628.0
uc001lfx.3	486.0	1471.0	1728.0
uc001lfy.3	486.0	1609.0	1716.0
uc001lfz.3	486.0	335.0	3081.0
uc001lga.3	486.0	335.0	2991.0
uc009xzy.3	486.0	335.0	3027.0
uc010qtw.1	2.0	231.0	2007.0
uc001lgb.3	486.0	279.0	2721.0
uc001lhm.4	2483.0	613.0	1686.0
uc001lhn.4	2483.0	651.0	1686.0
uc010que.3	1429.0	613.0	1521.0
uc001lho.4	1429.0	651.0	1521.0
uc001lid.4	1669.0	205.0	1542.0
uc001lie.4	1669.0	125.0	2958.0
uc009yak.3	1669.0	287.0	1338.0
uc009yal.3	1669.0	421.0	1338.0
uc001lih.4	1669.0	434.0	1338.0
uc001lif.4	1669.0	418.0	1338.0
uc010qwc.2	445.0	131.0	4947.0
uc010qwd.2	445.0	131.0	4944.0
uc001lqe.3	445.0	131.0	4950.0
uc010qwe.2	445.0	131.0	4938.0
uc009ybz.1	1.0	647.0	3633.0
uc009yca.2	NA	NA	NA
uc001mlp.3	112.0	636.0	1155.0
uc001mlq.3	NA	NA	NA
uc001mlr.3	112.0	0.0	1506.0
uc001mls.1	1.0	1357.0	834.0
uc001ncx.3	1038.0	362.0	3717.0
uc001ncw.3	1038.0	362.0	3540.0
uc001ncv.3	1038.0	362.0	3906.0
uc010rgu.2	1038.0	360.0	3897.0
uc001ncu.2	1038.0	360.0	3627.0
uc009ylc.2	1038.0	120.0	3810.0
uc010rgt.2	1528.0	267.0	1818.0
uc001ncy.3	224.0	248.0	1050.0
uc001nfw.2	733.0	715.0	1632.0
uc001nfx.3	733.0	171.0	1557.0
uc001nfy.3	733.0	108.0	1557.0
uc001nfz.3	733.0	64.0	1605.0
uc010rjw.2	429.0	139.0	1086.0
uc009yml.3	429.0	130.0	1278.0
uc001nkw.3	429.0	139.0	1278.0
uc001nsg.3	738.0	413.0	1143.0
uc021qkj.1	0.0	0.0	1143.0
uc001ntk.2	342.0	300.0	450.0
uc001ntl.3	842.0	300.0	17673.0
uc001nuz.3	1127.0	122.0	1725.0
uc009yoz.3	2495.0	127.0	714.0
uc010rmw.2	2495.0	194.0	594.0
uc010rmx.2	2495.0	255.0	651.0
uc010rmy.2	NA	NA	NA
uc001odl.3	898.0	492.0	633.0
uc021qli.1	0.0	0.0	633.0
uc001ojb.3	589.0	53.0	1080.0
uc001oja.3	589.0	669.0	1080.0
uc009yrl.3	2106.0	230.0	1266.0
uc001oju.3	2106.0	139.0	1266.0
uc001onr.4	310.0	442.0	1350.0
uc031qcm.1	1120.0	339.0	987.0
uc001otn.4	1120.0	265.0	987.0
uc031qcl.1	1120.0	392.0	987.0
uc001otm.4	1120.0	425.0	987.0
uc031qcn.1	1120.0	350.0	987.0
uc001otq.4	1120.0	542.0	987.0
uc001ots.4	1120.0	445.0	987.0
uc001otr.4	1120.0	56.0	1290.0
uc021qnb.1	0.0	0.0	987.0
uc001ovv.3	1206.0	520.0	1356.0
uc010rrl.2	1206.0	271.0	1059.0
uc001ovw.3	1206.0	156.0	1386.0
uc001ozb.3	2520.0	75.0	783.0
uc021qnx.1	0.0	0.0	783.0
uc021qny.1	898.0	356.0	3057.0
uc001oze.2	0.0	405.0	2157.0
uc010rsp.2	898.0	458.0	1353.0
uc001ozc.3	898.0	445.0	1761.0
uc001ozd.3	898.0	1051.0	1890.0
uc001ozf.3	898.0	626.0	2250.0
uc010rts.1	332.0	216.0	1056.0
uc001pcb.3	2436.0	216.0	1152.0
uc001pcc.1	NA	NA	NA
uc021qok.1	0.0	0.0	1152.0
uc001pck.4	414.0	101.0	1392.0
uc001pcl.4	414.0	483.0	948.0
uc001pcm.4	5620.0	101.0	414.0
uc001pcn.4	5564.0	101.0	426.0
uc001pff.3	3150.0	335.0	846.0
uc009zal.3	2273.0	965.0	4485.0
uc001pug.3	2273.0	965.0	4500.0
uc001qba.1	678.0	23.0	1680.0
uc010sap.1	678.0	607.0	840.0
uc001qaz.1	678.0	23.0	1524.0
uc001qay.1	678.0	1448.0	990.0
uc001qdl.1	59.0	452.0	708.0
uc009zcb.1	59.0	283.0	708.0
uc001qdm.1	952.0	452.0	666.0
uc001qdn.1	1246.0	436.0	666.0
uc001qdo.1	1246.0	283.0	666.0
uc001qiu.1	1302.0	263.0	1257.0
uc031qfl.1	1302.0	966.0	624.0
uc001qis.1	1302.0	114.0	1257.0
uc001qit.2	1302.0	1029.0	624.0
uc010sdt.1	1302.0	141.0	1026.0
uc001qiv.1	NA	NA	NA
uc001qiw.2	1.0	711.0	561.0
uc010sdu.1	149.0	114.0	906.0
uc001qix.1	13.0	18.0	681.0
uc001qjh.3	755.0	99.0	1257.0
uc021que.2	402.0	268.0	435.0
uc001raj.1	743.0	258.0	1194.0
uc001rai.1	743.0	258.0	1296.0
uc010shm.1	743.0	89.0	1098.0
uc001rba.3	1127.0	650.0	1074.0
uc001rod.3	1086.0	66.0	1545.0
uc001roe.3	1086.0	278.0	1233.0
uc009zkc.3	1694.0	66.0	807.0
uc001rua.3	400.0	401.0	1026.0
uc001rub.3	400.0	863.0	1026.0
uc001rvc.3	693.0	108.0	1617.0
uc009zlk.2	693.0	202.0	4005.0
uc001rvb.2	1222.0	756.0	2649.0
uc001seq.3	662.0	96.0	783.0
uc001shq.3	2999.0	37.0	1224.0
uc031qhy.1	1.0	79.0	804.0
uc009zoh.3	220.0	200.0	342.0
uc001six.3	498.0	326.0	1638.0
uc001siy.3	498.0	200.0	1638.0
uc001siz.3	498.0	91.0	1638.0
uc001sja.3	498.0	724.0	1638.0
uc001sjp.1	627.0	189.0	1305.0
uc021qyw.1	0.0	0.0	1305.0
uc001smz.3	755.0	378.0	1578.0
uc021qzq.1	225.0	57.0	648.0
uc010sse.2	1004.0	445.0	858.0
uc010ssf.2	1390.0	57.0	504.0
uc001sqi.3	1004.0	57.0	978.0
uc001sqh.3	1004.0	57.0	1041.0
uc001tzh.1	1108.0	23.0	789.0
uc009zxa.1	1108.0	23.0	882.0
uc010szo.1	718.0	406.0	666.0
uc010szp.1	718.0	23.0	759.0
uc001tzi.1	718.0	23.0	792.0
uc001ubq.3	2608.0	108.0	2760.0
uc001ubr.3	22.0	227.0	1140.0
uc001ubs.1	1.0	177.0	552.0
uc001ubt.3	2608.0	152.0	1581.0
uc001udl.3	1788.0	103.0	858.0
uc001ufc.1	NA	NA	NA
uc001ufb.1	113.0	116.0	741.0
uc021rfu.1	NA	NA	NA
uc021rfv.1	113.0	50.0	756.0
uc021rfw.1	0.0	0.0	741.0
uc001ufx.1	650.0	137.0	996.0
uc001ufw.1	650.0	147.0	996.0
uc001ufv.1	650.0	2085.0	945.0
uc001ujj.2	1.0	152.0	2517.0
uc001ujk.3	33.0	152.0	2958.0
uc001ujn.3	2793.0	152.0	9372.0
uc001ujm.3	2793.0	35.0	9129.0
uc001ujp.3	2793.0	251.0	1002.0
uc010tbo.2	2809.0	595.0	555.0
uc001ukx.2	1574.0	67.0	2817.0
uc009zyw.1	1574.0	349.0	882.0
uc001uky.3	87.0	5.0	1761.0
uc031qkj.1	1087.0	493.0	1701.0
uc001ull.2	1087.0	493.0	1602.0
uc031qkk.1	1087.0	493.0	1506.0
uc001uso.3	5066.0	387.0	1890.0
uc001vds.1	5303.0	763.0	1224.0
uc001vdr.1	5303.0	228.0	1224.0
uc001vdq.1	5303.0	313.0	1224.0
uc001vdp.1	5303.0	418.0	1233.0
uc021rjq.1	0.0	0.0	1224.0
uc010aeu.1	5002.0	257.0	978.0
uc001vka.1	2604.0	257.0	978.0
uc001vli.3	781.0	978.0	948.0
uc001vlj.3	781.0	381.0	948.0
uc021rkz.1	0.0	0.0	948.0
uc001vsj.4	5104.0	88.0	3576.0
uc001vsi.4	5302.0	88.0	3405.0
uc001vsm.1	356.0	333.0	2511.0
uc010ago.3	NA	NA	NA
uc010agw.1	2210.0	52.0	381.0
uc001vts.1	NA	NA	NA
uc001vtr.1	2210.0	39.0	780.0
uc001wif.3	314.0	658.0	1077.0
uc001wia.4	314.0	430.0	1497.0
uc001wib.2	314.0	310.0	1617.0
uc001wic.2	314.0	440.0	1077.0
uc001wig.3	314.0	263.0	1617.0
uc001wih.3	314.0	184.0	1617.0
uc001wie.3	314.0	430.0	1617.0
uc001wja.2	1940.0	148.0	1653.0
uc001wjb.2	1940.0	250.0	1659.0
uc010tpc.2	4056.0	16.0	2160.0
uc001wph.4	4056.0	202.0	2037.0
uc010alw.3	4056.0	55.0	2037.0
uc001wry.3	1676.0	74.0	438.0
uc001wsa.4	1676.0	326.0	720.0
uc001wws.4	368.0	81.0	2514.0
uc001wwt.4	368.0	81.0	2370.0
uc001wxg.4	2790.0	621.0	528.0
uc021rsu.1	0.0	0.0	528.0
uc001xhn.1	639.0	269.0	3492.0
uc001xho.1	639.0	269.0	3660.0
uc001xhp.2	639.0	39.0	4023.0
uc010aqh.1	639.0	1489.0	2286.0
uc001xhq.1	639.0	160.0	2175.0
uc001xir.4	NA	NA	NA
uc010tsp.2	1711.0	1786.0	1239.0
uc001xio.3	1711.0	1629.0	1728.0
uc001xin.3	1711.0	1727.0	1728.0
uc001xiq.3	1711.0	869.0	1341.0
uc001xip.3	1711.0	810.0	1728.0
uc001xmn.4	1366.0	446.0	2601.0
uc001xmo.2	5447.0	446.0	7026.0
uc010are.1	5447.0	446.0	6693.0
uc010arf.1	5447.0	627.0	3390.0
uc001xmp.2	5447.0	166.0	1278.0
uc001xnl.3	1431.0	107.0	1089.0
uc010arj.3	1431.0	721.0	2292.0
uc001xnm.3	1431.0	721.0	2334.0
uc001xok.1	458.0	79.0	1923.0
uc001xor.1	795.0	786.0	1062.0
uc010asj.3	3226.0	67.0	492.0
uc010tvb.2	3226.0	59.0	492.0
uc010tvc.2	3226.0	273.0	492.0
uc001xrq.3	3226.0	193.0	525.0
uc001xsy.4	859.0	907.0	2391.0
uc010twr.2	269.0	126.0	1830.0
uc010twq.2	269.0	102.0	2451.0
uc001ycj.3	269.0	99.0	2580.0
uc001ylo.3	995.0	350.0	2436.0
uc031qqo.1	995.0	281.0	2436.0
uc010awk.2	995.0	15.0	2784.0
uc001ylp.3	NA	NA	NA
uc001ylq.1	188.0	60.0	1656.0
uc001ylr.3	995.0	60.0	2211.0
uc001yls.3	995.0	312.0	1287.0
uc001ylt.3	995.0	825.0	1206.0
uc001zco.3	642.0	111.0	915.0
uc001zfo.3	5600.0	333.0	867.0
uc001zkj.2	2110.0	866.0	1548.0
uc001zkk.2	2110.0	866.0	1545.0
uc010uck.2	2110.0	159.0	1413.0
uc021sjh.1	201.0	6.0	1455.0
uc001zmd.1	201.0	0.0	1638.0
uc010udb.2	2419.0	530.0	4044.0
uc001zoj.4	2419.0	286.0	4527.0
uc001zok.4	2419.0	286.0	4545.0
uc010bcj.3	2419.0	1575.0	3048.0
uc010bci.3	2419.0	286.0	3696.0
uc010bck.3	2419.0	3156.0	2178.0
uc010bcl.3	2419.0	630.0	3042.0
uc001zpd.3	2053.0	151.0	2661.0
uc001zpb.3	2053.0	1469.0	666.0
uc001zpc.3	2053.0	151.0	2628.0
uc001zrg.3	653.0	133.0	2061.0
uc002aqf.3	464.0	923.0	1491.0
uc010bhx.3	NA	NA	NA
uc002aqg.3	464.0	113.0	708.0
uc002azp.4	1053.0	320.0	3144.0
uc002azq.4	1053.0	230.0	3144.0
uc021sqm.1	730.0	328.0	2094.0
uc002azr.4	1432.0	174.0	1011.0
uc002bau.3	1412.0	96.0	1725.0
uc002bav.3	1412.0	286.0	564.0
uc002bfx.3	NA	NA	NA
uc010uno.2	NA	NA	NA
uc002bfy.1	3465.0	73.0	705.0
uc002bmp.4	NA	NA	NA
uc002bmq.2	600.0	189.0	1686.0
uc002bmr.2	600.0	152.0	1653.0
uc010bnk.2	NA	NA	NA
uc002bpf.1	423.0	50.0	876.0
uc002bpg.1	423.0	677.0	660.0
uc002bpp.4	3205.0	186.0	1860.0
uc002bpn.4	1041.0	186.0	276.0
uc002bpo.4	3205.0	186.0	1857.0
uc010urq.2	0.0	50.0	2496.0
uc002bul.3	7088.0	50.0	4104.0
uc010bon.3	7088.0	50.0	4101.0
uc010urr.1	0.0	188.0	630.0
uc010boo.1	NA	NA	NA
uc002cgq.2	682.0	389.0	2481.0
uc002cgp.2	682.0	389.0	2589.0
uc002cqe.1	1838.0	905.0	1437.0
uc002cqd.1	1838.0	88.0	2361.0
uc002cql.3	4775.0	140.0	1680.0
uc002cqk.3	4775.0	140.0	1662.0
uc002cqm.3	701.0	115.0	1131.0
uc010bsm.3	NA	NA	NA
uc002cqt.4	5423.0	149.0	1290.0
uc010bsn.4	5518.0	149.0	1365.0
uc002cqs.4	5423.0	149.0	1671.0
uc010uwe.2	610.0	149.0	423.0
uc002cqu.4	5423.0	665.0	1590.0
uc002cqv.1	332.0	864.0	1191.0
uc002cqz.1	332.0	864.0	1191.0
uc002crj.1	2.0	564.0	7443.0
uc002crk.3	545.0	549.0	8259.0
uc002crl.1	2.0	260.0	7731.0
uc010bsu.1	2.0	275.0	7443.0
uc010uww.2	901.0	254.0	996.0
uc002cuq.3	901.0	332.0	2052.0
uc002cur.2	2290.0	170.0	996.0
uc002cva.2	221.0	815.0	750.0
uc002cvb.3	55.0	815.0	705.0
uc002cvc.3	445.0	815.0	1224.0
uc002cvp.2	1159.0	627.0	5505.0
uc002cvq.1	1457.0	627.0	990.0
uc010uxw.2	2230.0	1768.0	3315.0
uc002cyb.3	2230.0	339.0	3405.0
uc002cyc.3	2230.0	842.0	3405.0
uc002cyd.1	877.0	90.0	5271.0
uc002dan.4	64.0	230.0	2721.0
uc002dao.3	3499.0	230.0	3156.0
uc021tcy.1	3499.0	230.0	3162.0
uc002dap.3	3499.0	390.0	423.0
uc002daq.1	NA	NA	NA
uc002daw.1	970.0	18.0	444.0
uc010uzy.2	2100.0	826.0	1008.0
uc002dds.3	2100.0	112.0	1008.0
uc002ddt.1	1.0	43.0	1014.0
uc002ddu.1	578.0	419.0	714.0
uc010bvi.3	1792.0	175.0	4596.0
uc002del.4	1792.0	123.0	4278.0
uc010bvn.3	227.0	60.0	1305.0
uc021tdq.1	49.0	36.0	288.0
uc021tdr.1	2.0	9.0	357.0
uc021tds.1	NA	NA	NA
uc021tdt.1	2.0	23.0	633.0
uc002dfu.4	5561.0	530.0	1608.0
uc002dft.3	5561.0	926.0	696.0
uc002dfw.3	156.0	331.0	1425.0
uc002dfx.3	156.0	2281.0	1242.0
uc002dfy.3	156.0	255.0	1413.0
uc010vbr.3	1403.0	201.0	2064.0
uc002dkl.4	1403.0	201.0	2001.0
uc002dkm.4	1403.0	235.0	2019.0
uc002dkk.4	1403.0	201.0	2127.0
uc010vbs.3	1403.0	201.0	2019.0
uc002dkj.2	2714.0	201.0	1965.0
uc010vbt.3	1403.0	319.0	1959.0
uc002dlr.4	NA	NA	NA
uc002dlt.4	2358.0	32.0	1572.0
uc002dls.4	NA	NA	NA
uc002dlu.3	107.0	32.0	1605.0
uc010bxv.2	521.0	243.0	333.0
uc002doh.2	1038.0	182.0	1251.0
uc010vcn.1	1038.0	118.0	1365.0
uc010bxw.2	1038.0	31.0	663.0
uc010bxx.2	NA	NA	NA
uc002dow.3	1742.0	24.0	4857.0
uc002dox.1	604.0	137.0	1521.0
uc010vco.2	1742.0	107.0	363.0
uc002drt.3	2583.0	92.0	423.0
uc002dru.3	2583.0	15.0	1260.0
uc010vdg.1	182.0	15.0	636.0
uc002drv.3	2583.0	273.0	417.0
uc010vdh.2	2583.0	297.0	384.0
uc021tgi.1	1001.0	114.0	1857.0
uc021tgj.1	1001.0	389.0	1488.0
uc021tgk.1	1001.0	482.0	1857.0
uc002dya.2	1001.0	376.0	1857.0
uc021tgl.1	750.0	176.0	1347.0
uc002dyh.1	749.0	176.0	1176.0
uc010vew.2	516.0	38.0	1530.0
uc010vex.2	516.0	1437.0	1530.0
uc002dyk.4	516.0	176.0	1623.0
uc002dyr.2	1430.0	139.0	1224.0
uc002dyq.3	1430.0	139.0	1227.0
uc021tgn.1	1.0	452.0	3540.0
uc002dze.1	974.0	385.0	9693.0
uc002dzf.4	NA	NA	NA
uc002dzg.1	974.0	123.0	9078.0
uc002dzs.1	3269.0	208.0	2610.0
uc002dzz.1	1553.0	946.0	1149.0
uc002eaa.2	1553.0	158.0	1956.0
uc002eab.2	1553.0	158.0	2085.0
uc002ead.1	637.0	686.0	5124.0
uc002eae.1	2.0	176.0	867.0
uc002eap.3	420.0	289.0	5499.0
uc021tgu.1	1691.0	423.0	5490.0
uc002eer.2	1701.0	413.0	1578.0
uc010vgf.2	1701.0	413.0	1557.0
uc002eeq.2	1701.0	27.0	783.0
uc002emx.1	1848.0	623.0	1749.0
uc021tjd.1	0.0	0.0	1749.0
uc002enj.4	1415.0	208.0	417.0
uc002enh.4	1415.0	208.0	651.0
uc010cdj.3	1415.0	208.0	768.0
uc010cdm.3	NA	NA	NA
uc002ens.3	1498.0	59.0	1422.0
uc002enr.3	1498.0	59.0	1350.0
uc021tjh.1	2196.0	59.0	408.0
uc010cdl.2	58.0	59.0	885.0
uc021tjp.1	NA	NA	NA
uc010cdq.3	4060.0	8.0	441.0
uc002eor.3	3965.0	8.0	705.0
uc010vip.2	3965.0	416.0	507.0
uc002eos.3	3965.0	351.0	798.0
uc010cdr.3	3965.0	593.0	651.0
uc010viq.2	3965.0	351.0	744.0
uc010vir.2	3965.0	351.0	723.0
uc002eqr.3	1066.0	1000.0	1872.0
uc002eqq.3	1066.0	1000.0	1824.0
uc002eqs.3	1066.0	1709.0	1401.0
uc002eym.1	851.0	30.0	819.0
uc002eys.4	1392.0	139.0	1440.0
uc010cfs.3	1392.0	618.0	906.0
uc010cfr.3	1392.0	647.0	987.0
uc010cfq.1	1.0	588.0	447.0
uc010vlz.2	1392.0	71.0	1344.0
uc002eyv.3	1392.0	71.0	1437.0
uc010vma.3	1392.0	77.0	1113.0
uc002fah.3	493.0	369.0	1932.0
uc002faf.3	493.0	814.0	1932.0
uc002fai.3	490.0	1138.0	2049.0
uc002fag.3	490.0	668.0	1758.0
uc010vmf.2	490.0	261.0	1758.0
uc002fad.3	490.0	766.0	1758.0
uc010vmj.2	338.0	408.0	1239.0
uc002fbe.3	338.0	600.0	789.0
uc002fbg.4	338.0	845.0	789.0
uc002fbf.3	338.0	408.0	1113.0
uc021tlb.1	338.0	423.0	1239.0
uc021tlc.1	990.0	423.0	420.0
uc002fbh.4	338.0	423.0	1113.0
uc010cgh.2	2824.0	188.0	1140.0
uc002fbm.2	2824.0	112.0	1101.0
uc002fbl.2	2824.0	112.0	1008.0
uc010vmk.2	2824.0	100.0	657.0
uc031qwz.1	2824.0	184.0	657.0
uc002fbk.2	2838.0	112.0	1083.0
uc010vml.2	2838.0	135.0	303.0
uc002fcz.4	5739.0	796.0	1791.0
uc002fcx.3	4628.0	50.0	3612.0
uc002fcw.4	4628.0	50.0	3579.0
uc002fcy.4	5739.0	50.0	3540.0
uc002fdg.1	636.0	258.0	1701.0
uc002fdh.1	636.0	102.0	2925.0
uc002fdf.1	636.0	199.0	1260.0
uc002fdi.3	171.0	102.0	1716.0
uc021tli.1	142.0	9.0	1377.0
uc002fhi.3	685.0	502.0	3159.0
uc002fhh.3	685.0	732.0	1671.0
uc010chl.3	177.0	144.0	1659.0
uc002fig.3	177.0	141.0	1851.0
uc010voi.1	1882.0	353.0	1038.0
uc002fiq.2	1882.0	353.0	927.0
uc002fir.1	NA	NA	NA
uc010voj.2	5897.0	262.0	1206.0
uc002fiu.3	5897.0	220.0	1236.0
uc002fit.3	749.0	220.0	906.0
uc002fjo.3	1835.0	610.0	663.0
uc002fjm.3	1835.0	51.0	1149.0
uc002fjn.3	1835.0	51.0	1152.0
uc010voo.2	1835.0	107.0	1092.0
uc010vop.2	1835.0	600.0	663.0
uc010vor.2	1835.0	51.0	1152.0
uc010voq.2	1835.0	51.0	1149.0
uc002fjp.2	470.0	41.0	630.0
uc002fjq.3	90.0	85.0	1506.0
uc010vou.2	NA	NA	NA
uc031qxf.1	489.0	260.0	453.0
uc031qxg.1	230.0	260.0	561.0
uc002fkd.4	1495.0	260.0	2247.0
uc002fpr.3	1584.0	910.0	564.0
uc002fpx.1	NA	NA	NA
uc002fpt.1	NA	NA	NA
uc002fps.1	NA	NA	NA
uc002fpw.1	NA	NA	NA
uc002fpv.1	NA	NA	NA
uc002fpu.1	NA	NA	NA
uc002fpy.1	21.0	212.0	378.0
uc002fpz.1	21.0	143.0	378.0
uc002fqa.1	NA	NA	NA
uc002fqb.1	NA	NA	NA
uc002fqc.1	NA	NA	NA
uc002fqd.1	NA	NA	NA
uc031qxs.1	10460.0	60.0	423.0
uc002frk.3	10460.0	1213.0	1056.0
uc010cjo.2	10460.0	147.0	2499.0
uc002frl.2	NA	NA	NA
uc002frm.2	534.0	147.0	2013.0
uc002frn.2	534.0	147.0	2100.0
uc002fro.2	534.0	839.0	1506.0
uc010cjp.1	534.0	147.0	1269.0
uc002frs.1	445.0	119.0	3177.0
uc010vqa.1	595.0	119.0	555.0
uc002frw.3	432.0	106.0	1263.0
uc002ftm.4	1751.0	168.0	2415.0
uc002ftn.1	1339.0	66.0	1830.0
uc002fwp.3	366.0	33.0	2397.0
uc002fxn.3	4408.0	117.0	3636.0
uc002fxp.3	4408.0	38.0	3507.0
uc010ckp.3	4408.0	96.0	3336.0
uc002fxo.3	4408.0	38.0	3513.0
uc002fxq.1	2.0	38.0	3375.0
uc002fxr.4	410.0	38.0	1464.0
uc010vrz.2	375.0	38.0	549.0
uc002gar.1	280.0	529.0	1308.0
uc002gat.3	88.0	655.0	1335.0
uc010vsv.1	306.0	529.0	660.0
uc031qyg.1	306.0	880.0	579.0
uc002gfa.3	598.0	227.0	1212.0
uc010vtt.2	598.0	227.0	1011.0
uc010cma.3	598.0	585.0	822.0
uc002gge.4	1302.0	1054.0	699.0
uc002ggi.4	689.0	232.0	2001.0
uc002ggj.4	689.0	232.0	1986.0
uc010cmf.3	NA	NA	NA
uc002gma.4	696.0	509.0	2439.0
uc010vva.3	696.0	96.0	3357.0
uc010cod.4	696.0	96.0	3372.0
uc010coe.3	696.0	1.0	2763.0
uc002gmc.4	696.0	35.0	1908.0
uc002gmr.4	787.0	61.0	906.0
uc002grm.3	1470.0	469.0	5721.0
uc002grn.1	0.0	100.0	5565.0
uc002grz.4	4127.0	157.0	1524.0
uc002gry.4	4127.0	157.0	1374.0
uc010vwz.2	4127.0	157.0	1167.0
uc010vwy.2	4127.0	157.0	1452.0
uc010cpr.3	4127.0	157.0	1389.0
uc010vxa.2	4127.0	157.0	1170.0
uc010vxb.2	319.0	157.0	816.0
uc010cpz.1	881.0	380.0	1362.0
uc010vxr.1	881.0	287.0	1596.0
uc002gsw.1	881.0	999.0	1362.0
uc002gsx.1	881.0	229.0	3006.0
uc010vxs.1	881.0	461.0	2700.0
uc010cqa.1	NA	NA	NA
uc002gvo.3	313.0	400.0	2034.0
uc002gvn.3	313.0	386.0	2451.0
uc002gvp.3	313.0	175.0	2451.0
uc002gvq.3	313.0	87.0	2451.0
uc002gyw.4	6990.0	256.0	666.0
uc002gyx.1	NA	NA	NA
uc002hax.2	2409.0	19.0	951.0
uc010waf.2	2409.0	442.0	639.0
uc002hay.3	2409.0	449.0	951.0
uc002hfv.2	NA	NA	NA
uc002hfu.2	186.0	70.0	1083.0
uc002hfw.2	941.0	70.0	681.0
uc010wbs.1	4.0	70.0	546.0
uc021twd.1	1420.0	10.0	4476.0
uc021twe.1	3.0	219.0	3153.0
uc002hqc.3	2484.0	135.0	2817.0
uc002hqs.3	4000.0	481.0	1251.0
uc021twj.1	70.0	481.0	870.0
uc002ici.1	1974.0	12.0	1842.0
uc002ikv.3	2124.0	163.0	1068.0
uc002inb.4	1904.0	651.0	2229.0
uc002ina.4	1904.0	354.0	2229.0
uc002imz.4	1904.0	651.0	2319.0
uc002inc.1	0.0	604.0	585.0
uc010wle.2	1904.0	51.0	1755.0
uc010wlf.2	1904.0	309.0	1851.0
uc010dbh.1	676.0	623.0	675.0
uc002ins.1	676.0	325.0	675.0
uc002int.1	1923.0	569.0	423.0
uc002ixi.3	248.0	42.0	2976.0
uc002ixs.3	NA	NA	NA
uc002ixt.3	133.0	125.0	540.0
uc002jhc.2	396.0	796.0	1578.0
uc031ree.1	396.0	625.0	1578.0
uc010dex.1	NA	NA	NA
uc002jxc.3	2608.0	58.0	1599.0
uc002jxb.2	383.0	58.0	636.0
uc002jxd.2	258.0	118.0	1170.0
uc031ret.1	0.0	150.0	957.0
uc002jyf.4	1982.0	150.0	3192.0
uc021uen.2	5283.0	150.0	15624.0
uc002jyg.1	396.0	546.0	3846.0
uc010dhx.3	5283.0	893.0	675.0
uc002jys.3	395.0	805.0	1140.0
uc010wuf.1	188.0	1277.0	990.0
uc002jyt.1	2043.0	805.0	4008.0
uc010wug.1	2043.0	805.0	3534.0
uc002jyu.1	2043.0	63.0	687.0
uc002kaf.2	2515.0	0.0	7641.0
uc002kae.2	0.0	188.0	5073.0
uc002kbc.4	1202.0	36.0	870.0
uc002kej.3	2120.0	337.0	1248.0
uc002kei.3	2202.0	337.0	1230.0
uc002keh.3	2202.0	1783.0	825.0
uc010dil.3	NA	NA	NA
uc010wvj.2	31.0	717.0	621.0
uc010dim.1	584.0	44.0	294.0
uc002kfn.3	3108.0	171.0	1983.0
uc010diu.3	3203.0	171.0	1011.0
uc002kfm.1	351.0	171.0	1845.0
uc002kfo.3	NA	NA	NA
uc002kfp.3	NA	NA	NA
uc002ktt.2	1705.0	277.0	1788.0
uc002ktu.2	1705.0	212.0	1788.0
uc031rhr.1	3103.0	243.0	921.0
uc002kub.2	3103.0	376.0	411.0
uc002kuc.2	3103.0	0.0	1902.0
uc002kud.2	3103.0	78.0	1107.0
uc010xbj.3	833.0	0.0	2598.0
uc002kvw.4	833.0	560.0	774.0
uc031rht.1	833.0	101.0	774.0
uc010xbk.3	833.0	140.0	774.0
uc031rhu.1	833.0	33.0	798.0
uc002kvy.3	3894.0	314.0	375.0
uc010doz.3	2658.0	1000.0	702.0
uc010xdm.2	1972.0	217.0	1131.0
uc002lev.3	1972.0	1000.0	1764.0
uc031rig.1	1310.0	988.0	846.0
uc002lez.3	1035.0	106.0	1092.0
uc010dpe.3	228.0	106.0	672.0
uc002lhj.4	573.0	214.0	6513.0
uc002lhk.1	257.0	45.0	3576.0
uc021ule.1	1012.0	245.0	5154.0
uc002lny.3	2537.0	166.0	1131.0
uc010xfp.2	0.0	166.0	324.0
uc002lvb.4	2786.0	36.0	4614.0
uc002lvc.1	1661.0	767.0	3099.0
uc002lve.1	2274.0	310.0	1074.0
uc002lyj.2	2986.0	89.0	2007.0
uc010xhq.2	2986.0	89.0	1923.0
uc010xhr.2	809.0	89.0	2124.0
uc002mbi.4	315.0	268.0	2139.0
uc021unj.1	0.0	0.0	2139.0
uc010xik.2	NA	NA	NA
uc002mbo.3	1351.0	168.0	2379.0
uc010duf.3	NA	NA	NA
uc002mbp.3	1351.0	293.0	2418.0
uc002mgd.1	4801.0	109.0	4149.0
uc002mge.1	4801.0	109.0	4113.0
uc002mgf.3	714.0	109.0	2259.0
uc031rje.1	1110.0	244.0	2391.0
uc002mir.3	1110.0	101.0	2391.0
uc031rjf.1	1110.0	345.0	2004.0
uc002mvc.3	496.0	276.0	1044.0
uc002mxh.1	1180.0	189.0	2970.0
uc010xng.1	1180.0	227.0	2739.0
uc002nav.3	1394.0	70.0	2079.0
uc010dzy.3	1394.0	1140.0	726.0
uc010dzz.1	NA	NA	NA
uc010xog.2	215.0	276.0	879.0
uc002ndt.3	1091.0	19.0	339.0
uc002nee.3	NA	NA	NA
uc010xpg.1	1270.0	185.0	1368.0
uc002nei.1	1270.0	74.0	2751.0
uc002nej.3	614.0	157.0	582.0
uc010xph.2	3842.0	18.0	1233.0
uc002nem.1	1262.0	18.0	798.0
uc002nen.1	1120.0	261.0	1803.0
uc010eak.3	985.0	152.0	6474.0
uc002nfi.3	1402.0	152.0	6069.0
uc002nfj.1	2.0	58.0	5880.0
uc002nfl.1	2.0	306.0	660.0
uc002nfm.1	1499.0	134.0	549.0
uc002nkx.2	262.0	146.0	3249.0
uc002nla.1	1999.0	298.0	3249.0
uc002nkz.1	1999.0	20.0	3291.0
uc002nlb.2	1373.0	146.0	3249.0
uc010xqk.1	627.0	306.0	2586.0
uc002olh.2	713.0	40.0	999.0
uc002onv.4	649.0	167.0	591.0
uc002onu.4	649.0	278.0	591.0
uc021uut.1	0.0	0.0	591.0
uc002osk.4	271.0	235.0	2961.0
uc002osm.4	271.0	169.0	2691.0
uc021uva.1	0.0	0.0	2691.0
uc002osz.1	1785.0	156.0	2013.0
uc021uvc.1	0.0	0.0	2013.0
uc002ozm.3	4350.0	299.0	1254.0
uc002ozn.3	4350.0	387.0	1089.0
uc010xxc.2	4350.0	299.0	1119.0
uc010xxb.2	4350.0	299.0	1095.0
uc010ejs.3	165.0	299.0	1179.0
uc002poo.4	832.0	0.0	6111.0
uc002pqx.3	1412.0	203.0	1569.0
uc002prb.4	1412.0	267.0	1569.0
uc002pqz.3	1412.0	483.0	1569.0
uc002pra.3	1412.0	605.0	1569.0
uc002pqy.3	1412.0	638.0	1569.0
uc002prc.3	134.0	605.0	1341.0
uc021uya.1	0.0	0.0	1569.0
uc031rmh.1	0.0	1888.0	834.0
uc021vca.1	1743.0	26.0	3180.0
uc010euh.3	820.0	370.0	1080.0
uc002qqd.3	820.0	191.0	1209.0
uc002qqe.3	1269.0	191.0	633.0
uc002qqf.2	NA	NA	NA
uc010euk.1	NA	NA	NA
uc002qrn.3	1550.0	237.0	1626.0
uc002qrp.1	NA	NA	NA
uc002qro.1	NA	NA	NA
uc021vcv.1	0.0	0.0	1626.0
uc002qsp.3	541.0	452.0	1266.0
uc010yia.3	1538.0	522.0	282.0
uc010yib.2	1467.0	452.0	438.0
uc002qsw.2	1424.0	145.0	1662.0
uc002qza.3	776.0	183.0	405.0
uc002rdv.3	1384.0	392.0	591.0
uc002rfp.2	3058.0	168.0	885.0
uc002rfq.2	3058.0	127.0	903.0
uc002rgu.2	2392.0	657.0	2382.0
uc010eyj.1	NA	NA	NA
uc010ykr.1	2392.0	657.0	2376.0
uc002rkk.3	314.0	218.0	1626.0
uc002rkj.3	314.0	327.0	1440.0
uc002rrb.3	NA	NA	NA
uc002rrc.3	72.0	185.0	504.0
uc002sed.1	NA	NA	NA
uc002see.2	1089.0	117.0	1074.0
uc002seg.2	617.0	293.0	564.0
uc002sef.2	617.0	117.0	867.0
uc002sjf.1	307.0	111.0	12378.0
uc002sje.1	307.0	111.0	12504.0
uc002sjg.3	120.0	404.0	9741.0
uc002sjh.1	551.0	404.0	10527.0
uc010fev.1	1.0	13.0	489.0
uc010ytb.2	1095.0	258.0	3261.0
uc002sqs.3	1095.0	379.0	5163.0
uc002sqt.1	0.0	68.0	1230.0
uc002swi.5	2456.0	82.0	2418.0
uc010yur.3	2456.0	674.0	2019.0
uc002swn.5	2456.0	147.0	2637.0
uc002swm.5	NA	NA	NA
uc002swk.5	2456.0	505.0	2340.0
uc002swl.5	2456.0	505.0	2334.0
uc010fhz.4	2456.0	674.0	2097.0
uc002swj.5	NA	NA	NA
uc002swh.5	2456.0	276.0	2295.0
uc002swo.3	1927.0	215.0	723.0
uc002swp.1	1.0	345.0	1635.0
uc002swq.1	0.0	891.0	699.0
uc010fhy.2	0.0	474.0	1086.0
uc002sxf.4	890.0	1491.0	1002.0
uc002sxe.3	890.0	1491.0	1125.0
uc002sxg.4	890.0	231.0	2661.0
uc002sxh.4	890.0	160.0	2502.0
uc002szp.4	71.0	38.0	1245.0
uc002szq.4	71.0	98.0	1122.0
uc002szn.4	71.0	352.0	1122.0
uc002szm.4	71.0	340.0	1122.0
uc002szo.4	71.0	224.0	1122.0
uc021vln.1	71.0	485.0	1122.0
uc021vlo.1	71.0	422.0	1122.0
uc021vlp.1	0.0	0.0	1122.0
uc010fiv.3	593.0	131.0	3423.0
uc002tau.4	593.0	678.0	2694.0
uc010yvw.2	147.0	131.0	1974.0
uc002tcq.3	300.0	84.0	2583.0
uc002tcr.4	300.0	81.0	2583.0
uc010fjc.3	300.0	2.0	1890.0
uc002tem.4	1910.0	126.0	9675.0
uc002tpp.2	789.0	132.0	3147.0
uc010fmd.2	789.0	132.0	3252.0
uc002tpn.2	789.0	20.0	2427.0
uc002tpq.1	1.0	126.0	2418.0
uc002tuz.3	520.0	95.0	1059.0
uc010fnk.3	520.0	239.0	1014.0
uc002tuy.3	520.0	304.0	1071.0
uc002tzw.3	751.0	260.0	3450.0
uc002tzv.3	751.0	260.0	3579.0
uc002tzu.3	83.0	260.0	2742.0
uc002tzt.1	0.0	591.0	1959.0
uc002tzx.3	751.0	1209.0	2550.0
uc002tzy.1	0.0	1807.0	1377.0
uc002tzz.1	2.0	5.0	2085.0
uc002uaa.3	751.0	306.0	3006.0
uc002uac.3	751.0	901.0	1122.0
uc002uae.1	408.0	561.0	597.0
uc010fqx.3	NA	NA	NA
uc002uki.3	446.0	0.0	1017.0
uc002ukn.3	1083.0	204.0	321.0
uc002ukp.3	1083.0	627.0	870.0
uc002uko.3	1083.0	627.0	873.0
uc002ury.4	263.0	700.0	1200.0
uc002urx.4	263.0	880.0	1200.0
uc010fsb.3	263.0	556.0	1200.0
uc002uuq.3	1203.0	102.0	1782.0
uc002vgt.2	4670.0	398.0	5208.0
uc002vgq.2	4670.0	283.0	708.0
uc002vgr.2	4670.0	189.0	5166.0
uc002vgs.2	4670.0	189.0	5145.0
uc010zjv.1	1.0	398.0	4266.0
uc010fvk.1	1.0	123.0	3006.0
uc010fvi.1	1.0	1666.0	1692.0
uc010fvj.1	1.0	16.0	2835.0
uc002vgu.3	369.0	172.0	1251.0
uc002vgv.1	NA	NA	NA
uc002vim.4	422.0	1236.0	4575.0
uc002vin.4	422.0	530.0	5064.0
uc002vil.3	422.0	531.0	4947.0
uc010fvt.4	422.0	1161.0	4575.0
uc002vsy.2	38.0	691.0	1776.0
uc002wao.2	467.0	133.0	3972.0
uc021vzf.1	467.0	286.0	3972.0
uc010zon.2	467.0	148.0	3315.0
uc010zol.2	467.0	196.0	3414.0
uc010zom.2	467.0	133.0	3867.0
uc010fzl.2	467.0	133.0	3993.0
uc002waq.3	1309.0	133.0	3432.0
uc002wap.3	1309.0	1804.0	2061.0
uc021vzk.1	564.0	25.0	621.0
uc002wcd.3	4450.0	25.0	723.0
uc002wdf.3	1521.0	24.0	1215.0
uc002wfw.4	4806.0	0.0	1605.0
uc010zpu.2	4656.0	105.0	606.0
uc002wgh.3	99.0	129.0	1785.0
uc010zpy.2	NA	NA	NA
uc002wgi.3	99.0	551.0	1287.0
uc021wba.1	811.0	101.0	246.0
uc010zrv.1	175.0	203.0	1974.0
uc010gcq.2	175.0	305.0	1965.0
uc010zrw.1	175.0	474.0	1776.0
uc010gcr.2	175.0	134.0	1965.0
uc010zrx.1	175.0	271.0	1680.0
uc002wql.4	180.0	559.0	1962.0
uc010gcs.3	180.0	147.0	1962.0
uc010zry.2	180.0	193.0	1680.0
uc002wqm.2	175.0	97.0	1965.0
uc002wwl.3	1491.0	366.0	702.0
uc002wwk.3	NA	NA	NA
uc002wwm.3	1491.0	366.0	513.0
uc002wwn.3	1491.0	348.0	702.0
uc002wwo.1	0.0	175.0	564.0
uc002xgd.1	332.0	327.0	3051.0
uc021wcx.1	2710.0	340.0	4986.0
uc021wcy.1	1839.0	121.0	1557.0
uc002xhl.3	435.0	209.0	3270.0
uc002xhm.3	435.0	69.0	3270.0
uc002xjf.3	4040.0	41.0	774.0
uc002xjg.3	540.0	41.0	1848.0
uc002xlr.1	68.0	101.0	789.0
uc010ghi.3	1216.0	113.0	1458.0
uc021wem.1	0.0	0.0	1458.0
uc002xvi.2	619.0	451.0	1038.0
uc002xvy.2	1637.0	29.0	1383.0
uc002xwk.3	546.0	349.0	1938.0
uc002xwj.3	546.0	247.0	1281.0
uc002xwl.3	868.0	349.0	2046.0
uc002xwm.3	868.0	349.0	2040.0
uc002xwn.3	868.0	349.0	1884.0
uc002ycv.2	2341.0	7.0	1437.0
uc002yeh.3	1278.0	294.0	1680.0
uc011aaq.2	1278.0	174.0	1530.0
uc002yfo.1	2487.0	161.0	1359.0
uc002yfp.1	2487.0	479.0	1593.0
uc002yfq.1	2487.0	130.0	1593.0
uc002yvr.2	2117.0	56.0	2004.0
uc002yvq.3	645.0	56.0	1713.0
uc002yvp.3	1102.0	56.0	513.0
uc002yzn.1	1469.0	48.0	2355.0
uc002zbi.3	1080.0	412.0	1602.0
uc002zbj.3	1080.0	982.0	1602.0
uc021wjt.1	2797.0	216.0	288.0
uc002zfy.3	2797.0	88.0	498.0
uc002zfx.3	2797.0	287.0	414.0
uc002zgq.2	NA	NA	NA
uc002zgp.2	NA	NA	NA
uc002zgu.2	NA	NA	NA
uc002zgr.2	1008.0	435.0	2145.0
uc002zgs.2	NA	NA	NA
uc002zgy.2	4366.0	435.0	2226.0
uc002zgv.2	NA	NA	NA
uc002zgw.2	1008.0	435.0	2025.0
uc002zgt.2	4366.0	435.0	2106.0
uc010gpx.2	NA	NA	NA
uc011afo.1	0.0	1.0	1110.0
uc002zjl.3	300.0	183.0	2439.0
uc011afz.1	2391.0	183.0	4704.0
uc002zjo.2	2391.0	183.0	4716.0
uc011afy.1	90.0	183.0	3333.0
uc002zjn.3	192.0	183.0	2670.0
uc010gql.3	161.0	183.0	2397.0
uc002zjm.3	161.0	183.0	2526.0
uc002zjp.1	0.0	158.0	1548.0
uc002zjr.3	609.0	1327.0	966.0
uc002zjs.2	2391.0	392.0	756.0
uc002zjt.2	NA	NA	NA
uc002zlx.1	NA	NA	NA
uc002zng.4	3082.0	353.0	6009.0
uc011agl.2	3082.0	74.0	5757.0
uc010gre.2	NA	NA	NA
uc010grd.2	3082.0	368.0	357.0
uc002znh.2	115.0	353.0	2901.0
uc002znl.1	1517.0	1183.0	1746.0
uc002znk.1	1517.0	74.0	2847.0
uc002znj.1	1517.0	428.0	2031.0
uc002znm.3	4499.0	48.0	1353.0
uc010grf.3	4499.0	353.0	3222.0
uc011agm.1	237.0	353.0	1074.0
uc002zou.3	3917.0	37.0	1431.0
uc002zqg.3	5029.0	599.0	1095.0
uc002zqi.3	5029.0	442.0	1095.0
uc002zqh.3	5029.0	511.0	1095.0
uc021wli.1	0.0	0.0	1095.0
uc010gtj.1	200.0	116.0	1563.0
uc002zvh.4	1010.0	116.0	1584.0
uc002zvi.4	1173.0	116.0	1563.0
uc002zvg.4	2423.0	116.0	1563.0
uc011aij.2	1099.0	116.0	1470.0
uc002zvk.4	1035.0	137.0	801.0
uc011air.2	366.0	380.0	1482.0
uc002zwf.3	366.0	156.0	1530.0
uc010gtr.3	366.0	135.0	1530.0
uc002zwk.3	366.0	863.0	1530.0
uc002zwj.3	366.0	228.0	1530.0
uc002zwg.3	366.0	307.0	1530.0
uc002zwh.3	366.0	286.0	1530.0
uc002zwi.3	366.0	249.0	1530.0
uc003acp.4	266.0	11.0	999.0
uc010gve.3	266.0	7.0	1020.0
uc010gvg.4	2638.0	61.0	258.0
uc003adj.3	2638.0	955.0	3963.0
uc003adn.3	NA	NA	NA
uc003ado.3	NA	NA	NA
uc003adq.1	NA	NA	NA
uc003aeg.3	3866.0	0.0	2811.0
uc021wnq.1	3866.0	93.0	2511.0
uc003aji.3	NA	NA	NA
uc003ajh.3	NA	NA	NA
uc003ajg.3	NA	NA	NA
uc003ajf.1	NA	NA	NA
uc003ajj.3	NA	NA	NA
uc003akh.3	1639.0	145.0	1917.0
uc003aki.3	1639.0	145.0	1179.0
uc011aln.2	1639.0	533.0	1668.0
uc003akk.3	1639.0	355.0	1854.0
uc003akj.3	498.0	355.0	2061.0
uc003alz.3	811.0	241.0	741.0
uc003ama.3	811.0	393.0	531.0
uc010gwm.3	811.0	27.0	702.0
uc003asq.4	5112.0	786.0	2463.0
uc021wph.1	0.0	0.0	2463.0
uc003ayv.1	1102.0	207.0	2796.0
uc003ayw.1	1102.0	592.0	2796.0
uc010gye.1	1511.0	592.0	2397.0
uc010gyf.1	1102.0	592.0	2646.0
uc021wqb.1	NA	NA	NA
uc003ayy.1	NA	NA	NA
uc003azx.4	3368.0	200.0	822.0
uc011apa.3	3368.0	116.0	927.0
uc003azy.4	3368.0	116.0	912.0
uc021wqe.2	0.0	116.0	378.0
uc003bet.2	6008.0	133.0	600.0
uc003bvg.2	716.0	581.0	2286.0
uc011atr.2	2011.0	581.0	2286.0
uc003bvf.3	2040.0	581.0	2286.0
uc011att.1	NA	NA	NA
uc011ats.1	NA	NA	NA
uc011aut.2	913.0	226.0	1302.0
uc003bxf.4	913.0	415.0	1947.0
uc011auu.2	913.0	548.0	1701.0
uc011auw.2	3940.0	103.0	3345.0
uc003bxu.4	4467.0	367.0	2445.0
uc003bxt.3	2347.0	9.0	2892.0
uc031ryn.1	41.0	638.0	519.0
uc031ryo.1	NA	NA	NA
uc003bzh.4	NA	NA	NA
uc031ryp.1	NA	NA	NA
uc003bzf.4	NA	NA	NA
uc003bzg.4	NA	NA	NA
uc003cdn.3	40.0	107.0	1380.0
uc011awp.2	40.0	478.0	555.0
uc010hfh.3	40.0	107.0	1131.0
uc003cjh.3	1204.0	106.0	1770.0
uc003cjg.3	1204.0	214.0	1770.0
uc003clu.2	2982.0	281.0	2244.0
uc003cop.1	1306.0	185.0	2712.0
uc010hit.1	1306.0	119.0	2583.0
uc003crd.3	2875.0	126.0	1725.0
uc011bav.2	2875.0	331.0	1389.0
uc003crc.2	2025.0	126.0	1161.0
uc003crb.2	NA	NA	NA
uc010hjq.2	0.0	46.0	729.0
uc003cso.3	538.0	46.0	585.0
uc011bbi.2	538.0	51.0	360.0
uc010hju.4	567.0	124.0	264.0
uc003csp.4	538.0	51.0	561.0
uc011bbh.2	567.0	96.0	492.0
uc031rzj.1	827.0	51.0	213.0
uc010hlq.3	1153.0	287.0	828.0
uc003dax.3	1153.0	181.0	777.0
uc003dbd.3	3833.0	132.0	2673.0
uc003dgz.3	1480.0	441.0	1785.0
uc003dkj.4	728.0	117.0	714.0
uc003dkk.4	728.0	391.0	714.0
uc003efa.1	2683.0	507.0	993.0
uc003ekn.3	1597.0	256.0	1401.0
uc003ekm.3	1597.0	435.0	1443.0
uc003eko.2	1597.0	334.0	1443.0
uc003enj.3	381.0	581.0	4077.0
uc021xeb.1	5388.0	75.0	480.0
uc021xec.1	206.0	40.0	684.0
uc003eog.2	5489.0	40.0	588.0
uc011bln.2	5489.0	265.0	450.0
uc003esw.3	1368.0	418.0	1131.0
uc003ezr.3	5229.0	454.0	552.0
uc003fdr.3	1872.0	101.0	1083.0
uc003fdt.3	1872.0	62.0	702.0
uc003fds.3	1872.0	318.0	546.0
uc010hwf.3	NA	NA	NA
uc003fpa.3	531.0	227.0	924.0
uc003fuj.3	939.0	934.0	1272.0
uc010ics.1	577.0	594.0	507.0
uc003ggu.2	0.0	173.0	2427.0
uc011bvr.1	NA	NA	NA
uc003ggv.3	1205.0	904.0	4131.0
uc003ggw.3	229.0	904.0	4344.0
uc003ggx.1	127.0	101.0	2007.0
uc003ggy.1	486.0	85.0	1668.0
uc003ggz.3	229.0	271.0	2400.0
uc010ict.1	577.0	271.0	966.0
uc010icu.1	255.0	674.0	1182.0
uc011bvs.2	1708.0	72.0	1500.0
uc003gha.3	229.0	72.0	2370.0
uc010icv.3	229.0	1011.0	1941.0
uc003ghb.2	255.0	858.0	1182.0
uc003gim.1	NA	NA	NA
uc003gil.1	3267.0	184.0	2979.0
uc003gva.2	697.0	139.0	1440.0
uc011cbx.2	4075.0	953.0	5991.0
uc011cbz.1	54.0	450.0	3375.0
uc003hkf.1	0.0	330.0	3378.0
uc003hkg.3	4075.0	121.0	5325.0
uc003ija.4	585.0	534.0	3015.0
uc003ijb.3	1532.0	534.0	3129.0
uc003ijc.3	NA	NA	NA
uc003ilm.4	1209.0	754.0	2301.0
uc003ilp.4	NA	NA	NA
uc003ilo.4	1209.0	754.0	2352.0
uc003izf.3	809.0	188.0	13767.0
uc010isn.3	809.0	155.0	708.0
uc010iso.1	1.0	361.0	3264.0
uc010isy.3	3456.0	216.0	1644.0
uc003jaw.3	3456.0	43.0	2106.0
uc003jav.3	3456.0	43.0	2160.0
uc010isz.3	3456.0	86.0	2094.0
uc003jax.3	3456.0	657.0	1383.0
uc003jay.3	3456.0	400.0	1674.0
uc003jaz.3	3456.0	948.0	957.0
uc003jbh.4	5240.0	122.0	660.0
uc003jbg.4	5240.0	718.0	660.0
uc003jcm.3	2224.0	117.0	1605.0
uc003jcl.3	2224.0	145.0	327.0
uc003jfq.3	138.0	120.0	1434.0
uc010iyw.1	1.0	241.0	7062.0
uc010iyx.1	1.0	651.0	6633.0
uc003kbw.4	4331.0	241.0	7407.0
uc010iyy.1	1.0	372.0	6633.0
uc003kkj.3	238.0	1687.0	1272.0
uc021ybj.1	238.0	0.0	1119.0
uc021ybk.1	238.0	0.0	1197.0
uc003knc.3	2741.0	402.0	1437.0
uc003knb.2	1043.0	647.0	822.0
uc011cvu.2	1472.0	189.0	306.0
uc021ycl.1	855.0	189.0	363.0
uc003kqb.2	989.0	189.0	333.0
uc021yck.1	977.0	189.0	237.0
uc003kqc.3	855.0	189.0	435.0
uc003lcv.3	2770.0	470.0	1179.0
uc011cyq.2	NA	NA	NA
uc011cyr.2	3033.0	139.0	363.0
uc003lcw.3	2770.0	445.0	1179.0
uc003lqk.2	1004.0	62.0	1485.0
uc010jgz.2	1004.0	65.0	1257.0
uc003lql.2	1004.0	65.0	1434.0
uc003lqm.2	1004.0	2042.0	1131.0
uc003lqn.2	1004.0	579.0	1215.0
uc003lyb.1	1714.0	252.0	1308.0
uc011dee.1	1714.0	252.0	1164.0
uc003lyc.1	NA	NA	NA
uc011def.1	191.0	252.0	759.0
uc003mbo.1	2812.0	300.0	2907.0
uc003mco.1	3124.0	1310.0	909.0
uc003mcn.1	3124.0	662.0	654.0
uc003mnc.2	4937.0	737.0	936.0
uc003mnd.2	429.0	737.0	1557.0
uc003mnf.2	NA	NA	NA
uc003mne.2	1033.0	737.0	1893.0
uc010jlq.1	518.0	57.0	387.0
uc003mng.1	1033.0	342.0	633.0
uc003mtp.3	1787.0	0.0	1662.0
uc003mvm.3	4082.0	0.0	2061.0
uc003mvo.3	4082.0	355.0	1218.0
uc003mvn.3	4082.0	600.0	1218.0
uc003mvp.1	NA	NA	NA
uc010jnn.3	251.0	0.0	1839.0
uc010jno.2	506.0	0.0	1086.0
uc003mxu.4	1385.0	178.0	1542.0
uc011dji.2	2601.0	397.0	1041.0
uc003ncx.2	2601.0	230.0	1488.0
uc010jqh.2	2832.0	259.0	1005.0
uc011dkd.2	2558.0	285.0	879.0
uc011dke.2	2558.0	167.0	936.0
uc003nhp.3	2558.0	249.0	1005.0
uc010jqi.2	1818.0	5.0	1005.0
uc003nhz.3	1004.0	243.0	1755.0
uc011dkn.2	1004.0	298.0	1608.0
uc021ynh.1	1004.0	218.0	1125.0
uc010jry.3	1421.0	1486.0	810.0
uc003npr.3	1421.0	209.0	1620.0
uc003nps.3	1421.0	565.0	1620.0
uc003npt.3	1421.0	344.0	1620.0
uc003npu.1	0.0	249.0	438.0
uc003nss.3	1498.0	524.0	1038.0
uc003nst.3	1498.0	770.0	1038.0
uc003nvm.1	765.0	825.0	885.0
uc003nvq.3	1037.0	685.0	1071.0
uc003nvp.4	1037.0	551.0	1071.0
uc003nvo.4	1037.0	554.0	1071.0
uc021yuu.1	1037.0	337.0	1071.0
uc003nvn.3	1037.0	661.0	1071.0
uc003okl.3	609.0	309.0	1086.0
uc011dtc.2	2112.0	309.0	1032.0
uc011dtb.2	2112.0	195.0	1209.0
uc003okm.3	2112.0	309.0	1326.0
uc003okn.3	2112.0	405.0	1326.0
uc010jvv.1	NA	NA	NA
uc003oom.2	NA	NA	NA
uc003ook.1	1368.0	0.0	552.0
uc003ovs.3	1133.0	37.0	1809.0
uc010jyv.3	1133.0	153.0	1545.0
uc003ovu.3	418.0	208.0	921.0
uc003ovv.3	418.0	36.0	825.0
uc003oyv.3	1233.0	433.0	1968.0
uc011dza.2	265.0	277.0	654.0
uc003pjx.4	265.0	271.0	879.0
uc003pnn.1	493.0	116.0	16791.0
uc003pno.1	435.0	412.0	1530.0
uc003pnp.1	411.0	116.0	1800.0
uc003puv.4	1939.0	422.0	1557.0
uc003pwn.3	2796.0	90.0	1245.0
uc003qkn.3	1124.0	353.0	1236.0
uc003qjv.3	1124.0	1266.0	1392.0
uc003qjw.3	1124.0	1536.0	1236.0
uc003qjx.3	1124.0	904.0	1392.0
uc003qjy.3	1124.0	1147.0	1392.0
uc010khl.3	1124.0	1166.0	1392.0
uc010khm.3	1124.0	711.0	1392.0
uc003qjz.3	1124.0	872.0	1392.0
uc003qka.3	1124.0	2229.0	1392.0
uc003qkb.3	1124.0	552.0	1236.0
uc003qkc.3	1124.0	817.0	1392.0
uc003qkd.3	1124.0	584.0	1236.0
uc003qke.3	1124.0	890.0	1392.0
uc003qkg.3	1124.0	552.0	1236.0
uc003qkh.3	1124.0	858.0	1392.0
uc003qki.3	1124.0	384.0	1236.0
uc003qkj.3	1124.0	682.0	1392.0
uc003qkk.3	1124.0	281.0	1236.0
uc003qkl.3	1124.0	327.0	1236.0
uc003qkm.3	1124.0	633.0	1392.0
uc003qkf.3	1124.0	857.0	1392.0
uc003qkp.3	1124.0	368.0	1236.0
uc003qko.3	1124.0	763.0	1392.0
uc010khn.3	1124.0	559.0	1392.0
uc021zgj.1	0.0	0.0	1236.0
uc003qkx.3	2112.0	192.0	582.0
uc010khr.3	2191.0	357.0	675.0
uc003qkw.3	2112.0	357.0	996.0
uc003qkv.3	391.0	357.0	954.0
uc003qku.3	2112.0	79.0	534.0
uc011eks.2	1421.0	209.0	1620.0
uc011ekt.2	1421.0	565.0	1620.0
uc011ekv.2	1421.0	344.0	1620.0
uc011eku.2	1421.0	1486.0	810.0
uc011ekw.1	0.0	249.0	438.0
uc011exj.2	1421.0	209.0	1620.0
uc011exk.2	1421.0	565.0	1620.0
uc011exm.2	1421.0	344.0	1620.0
uc011exl.2	1421.0	1486.0	810.0
uc011exn.1	0.0	249.0	438.0
uc011fbu.2	1499.0	524.0	1038.0
uc011fbv.2	1499.0	770.0	1038.0
uc011ffo.1	766.0	825.0	885.0
uc011ffp.2	1037.0	661.0	1071.0
uc021zlg.1	1037.0	337.0	1071.0
uc011ffq.2	1037.0	554.0	1071.0
uc011ffr.2	1037.0	551.0	1071.0
uc011ffs.2	1037.0	685.0	1071.0
uc011fvw.2	1421.0	209.0	1620.0
uc011fvx.2	1421.0	565.0	1620.0
uc011fvz.2	1421.0	344.0	1620.0
uc011fvy.2	1421.0	1486.0	810.0
uc011fwa.1	0.0	249.0	438.0
uc011gag.2	1499.0	524.0	1038.0
uc011gah.2	1499.0	770.0	1038.0
uc011gdl.1	765.0	825.0	885.0
uc011gdm.2	1037.0	661.0	1071.0
uc021znm.1	1037.0	337.0	1071.0
uc011gdn.2	1037.0	554.0	1071.0
uc011gdo.2	1037.0	551.0	1071.0
uc011gdp.2	1037.0	686.0	1071.0
uc011grz.2	1421.0	209.0	1620.0
uc011gsa.2	1421.0	565.0	1620.0
uc011gsc.2	1421.0	344.0	1620.0
uc011gsb.2	1421.0	1486.0	810.0
uc011gsd.1	0.0	249.0	438.0
uc011gwh.2	1499.0	524.0	1038.0
uc011gwi.2	1499.0	770.0	1038.0
uc011gzr.1	766.0	825.0	885.0
uc011gzs.2	1037.0	661.0	1071.0
uc021zpk.1	1037.0	337.0	1071.0
uc011gzt.2	1037.0	554.0	1071.0
uc011gzu.2	1037.0	551.0	1071.0
uc011gzv.2	1037.0	685.0	1071.0
uc011hlg.2	1421.0	209.0	1620.0
uc011hlh.2	1421.0	407.0	1620.0
uc011hlj.2	1421.0	186.0	1620.0
uc011hli.2	1421.0	1328.0	810.0
uc011hlk.1	0.0	249.0	438.0
uc011hos.2	1499.0	524.0	1038.0
uc011hot.2	1499.0	770.0	1038.0
uc011hsk.1	765.0	825.0	885.0
uc011hsl.2	1037.0	661.0	1071.0
uc021zru.1	1037.0	337.0	1071.0
uc011hsm.2	1037.0	554.0	1071.0
uc011hsn.2	1037.0	551.0	1071.0
uc011hso.2	1037.0	685.0	1071.0
uc011ihy.2	1421.0	209.0	1620.0
uc011ihz.2	1421.0	565.0	1620.0
uc011iib.2	1421.0	344.0	1620.0
uc011iia.2	1421.0	1486.0	810.0
uc011iic.1	0.0	249.0	438.0
uc011imf.2	1499.0	524.0	1038.0
uc011img.2	1499.0	770.0	1038.0
uc011ipu.1	765.0	825.0	885.0
uc011ipv.2	1042.0	661.0	1071.0
uc021zuf.1	1042.0	337.0	1071.0
uc011ipw.2	1042.0	554.0	1071.0
uc011ipx.2	1042.0	551.0	1071.0
uc011ipy.2	1042.0	685.0	1071.0
uc011jfc.2	1421.0	209.0	1620.0
uc011jfd.2	1421.0	565.0	1620.0
uc011jff.2	1421.0	344.0	1620.0
uc011jfe.2	1421.0	1486.0	810.0
uc011jfg.1	0.0	249.0	438.0
uc011jhp.2	1499.0	524.0	1038.0
uc011jhq.2	1499.0	770.0	1038.0
uc011jlh.1	765.0	825.0	885.0
uc011jli.2	1042.0	661.0	1071.0
uc021zwn.1	1042.0	337.0	1071.0
uc011jlj.2	1042.0	554.0	1071.0
uc011jlk.2	1042.0	551.0	1071.0
uc011jll.2	1042.0	685.0	1071.0
uc003sjp.1	4528.0	90.0	273.0
uc003smt.3	3074.0	329.0	969.0
uc003smu.3	3074.0	164.0	1146.0
uc011jwb.2	3074.0	164.0	1095.0
uc003sna.1	8979.0	243.0	1713.0
uc003snc.1	8979.0	10.0	2202.0
uc003snb.1	923.0	10.0	909.0
uc011jwe.2	NA	NA	NA
uc010ksr.3	NA	NA	NA
uc003snq.4	NA	NA	NA
uc003snp.4	NA	NA	NA
uc003soi.4	1314.0	349.0	8907.0
uc003soj.3	522.0	21.0	624.0
uc010ksx.1	1.0	247.0	1929.0
uc003sok.1	885.0	159.0	393.0
uc003spu.3	966.0	468.0	780.0
uc021zzf.1	0.0	0.0	780.0
uc003syy.3	NA	NA	NA
uc003syx.3	1639.0	72.0	942.0
uc003syz.1	NA	NA	NA
uc003tav.3	1111.0	523.0	2862.0
uc010kvs.2	395.0	523.0	750.0
uc010kvu.2	NA	NA	NA
uc003tax.3	340.0	189.0	285.0
uc003tay.2	NA	NA	NA
uc010kvt.2	NA	NA	NA
uc003thi.4	2154.0	282.0	4359.0
uc003thh.4	2154.0	282.0	4539.0
uc011kbf.2	722.0	631.0	975.0
uc003thj.3	2154.0	2253.0	1692.0
uc003thk.3	2154.0	504.0	1338.0
uc010kxq.3	362.0	654.0	1266.0
uc010kxr.3	362.0	930.0	1440.0
uc003thx.4	362.0	485.0	1440.0
uc022ace.1	0.0	0.0	1266.0
uc003tiu.3	765.0	2237.0	2667.0
uc011kbj.2	765.0	503.0	2667.0
uc003tiz.3	765.0	381.0	2667.0
uc003tiy.3	765.0	181.0	2667.0
uc003tix.3	765.0	57.0	2769.0
uc003tiw.3	765.0	57.0	2796.0
uc003tiv.3	765.0	1016.0	2571.0
uc003tpq.4	1339.0	7.0	3468.0
uc003tpr.4	1339.0	185.0	3786.0
uc003tps.3	1339.0	185.0	3816.0
uc011kcl.2	1339.0	185.0	3645.0
uc003tpo.4	1339.0	5014.0	2412.0
uc003tpp.4	1339.0	432.0	3144.0
uc010kzc.3	143.0	185.0	1410.0
uc003tpt.3	2513.0	185.0	1140.0
uc003tqs.3	2242.0	183.0	519.0
uc011kcr.2	2242.0	310.0	315.0
uc010kzi.3	2242.0	118.0	468.0
uc010kzh.3	2242.0	3.0	510.0
uc003tqq.3	2242.0	167.0	492.0
uc003tvo.3	NA	NA	NA
uc031sxr.1	NA	NA	NA
uc003tvq.4	NA	NA	NA
uc003tvs.5	NA	NA	NA
uc003tvr.5	NA	NA	NA
uc003ugn.3	244.0	227.0	402.0
uc022ago.1	0.0	0.0	402.0
uc003uno.3	4012.0	479.0	2124.0
uc011kie.2	5160.0	217.0	1206.0
uc022ahn.1	0.0	0.0	978.0
uc003uxq.3	1028.0	231.0	2268.0
uc003uxr.3	2.0	231.0	906.0
uc022aiw.1	0.0	0.0	2268.0
uc003vij.3	2262.0	187.0	4173.0
uc003vii.1	0.0	180.0	1257.0
uc010lkh.3	2262.0	187.0	4227.0
uc022akk.1	43.0	187.0	2805.0
uc010lkg.3	60.0	187.0	1407.0
uc011knc.1	5.0	14.0	1866.0
uc011kna.1	1.0	14.0	1554.0
uc011knb.1	0.0	14.0	1791.0
uc011kmz.1	49.0	14.0	1227.0
uc011kni.2	0.0	14.0	2634.0
uc011knd.2	0.0	14.0	1995.0
uc011knf.2	0.0	14.0	2160.0
uc011kne.2	0.0	14.0	2076.0
uc011kng.1	0.0	14.0	2472.0
uc011knh.1	188.0	14.0	2295.0
uc011knj.2	2262.0	209.0	2883.0
uc003vli.4	924.0	1049.0	1842.0
uc003vqx.4	4049.0	258.0	1581.0
uc003vqw.4	4049.0	258.0	1677.0
uc003vsh.3	1955.0	357.0	393.0
uc022ama.1	831.0	211.0	309.0
uc003vsk.3	1132.0	566.0	210.0
uc003vsl.3	831.0	313.0	474.0
uc003vso.3	831.0	295.0	309.0
uc003vsm.3	1132.0	313.0	210.0
uc022amb.1	1132.0	387.0	210.0
uc022alz.1	1132.0	191.0	210.0
uc003vsj.3	831.0	226.0	387.0
uc003vsp.2	2313.0	62.0	2244.0
uc010lmr.2	NA	NA	NA
uc010lmq.2	2313.0	1671.0	1011.0
uc011kqj.2	6524.0	49.0	5805.0
uc011kql.2	6524.0	49.0	5853.0
uc011kqk.2	6524.0	66.0	2205.0
uc011kqi.2	6524.0	66.0	2157.0
uc003vvo.3	1660.0	166.0	1485.0
uc003vvp.3	1511.0	166.0	1332.0
uc010lnh.3	1660.0	166.0	1437.0
uc011kqz.2	NA	NA	NA
uc011kra.1	686.0	166.0	714.0
uc011krb.1	686.0	166.0	630.0
uc022aod.1	1219.0	212.0	222.0
uc003wcl.3	1219.0	254.0	651.0
uc022aoc.1	1219.0	167.0	651.0
uc010lov.3	1219.0	143.0	651.0
uc003wck.4	1219.0	45.0	651.0
uc003wcn.3	1219.0	313.0	222.0
uc011kun.1	383.0	105.0	1392.0
uc003wfm.3	1600.0	105.0	2016.0
uc003wfn.3	121.0	15.0	1008.0
uc003wfo.3	1842.0	15.0	729.0
uc010lpi.2	1591.0	271.0	1938.0
uc003wfw.2	1591.0	271.0	1935.0
uc003wsh.4	418.0	0.0	4209.0
uc003wsj.1	1533.0	563.0	3159.0
uc003xcp.2	2728.0	283.0	2250.0
uc011kzp.1	2728.0	24.0	2205.0
uc003xcq.2	2728.0	537.0	2184.0
uc031tar.1	NA	NA	NA
uc031taq.1	2824.0	301.0	498.0
uc003xgz.2	2824.0	756.0	2760.0
uc003xjy.1	204.0	197.0	1773.0
uc003xmk.3	2524.0	83.0	645.0
uc003xml.3	2524.0	601.0	516.0
uc003xmm.3	2524.0	395.0	516.0
uc003xmn.3	2524.0	294.0	516.0
uc003xov.3	169.0	186.0	1263.0
uc010lxh.2	1340.0	218.0	1284.0
uc011lco.2	NA	NA	NA
uc003xox.2	1674.0	1079.0	1434.0
uc010lxj.2	1674.0	268.0	1602.0
uc003xow.2	1674.0	186.0	2271.0
uc011lcp.2	NA	NA	NA
uc011lcq.2	1674.0	69.0	2265.0
uc010lxi.2	NA	NA	NA
uc011lcr.2	1674.0	268.0	2094.0
uc022auj.1	1674.0	399.0	246.0
uc003xwa.3	504.0	104.0	1098.0
uc003yra.4	751.0	121.0	1347.0
uc003yrc.3	974.0	343.0	1995.0
uc003ysh.1	0.0	513.0	510.0
uc022bbe.1	63.0	570.0	774.0
uc003ysi.3	476.0	525.0	1365.0
uc003ysj.3	NA	NA	NA
uc031tci.1	NA	NA	NA
uc003yvw.1	1183.0	239.0	426.0
uc003yvx.3	687.0	87.0	639.0
uc003yvy.3	1568.0	278.0	3597.0
uc010mep.3	1568.0	50.0	3480.0
uc003yvz.1	645.0	729.0	1509.0
uc003ywa.1	2889.0	797.0	801.0
uc003ywb.3	1568.0	643.0	747.0
uc022bbx.1	NA	NA	NA
uc003ywc.1	5016.0	308.0	2154.0
uc003ywd.1	671.0	308.0	2397.0
uc010meq.1	801.0	56.0	2268.0
uc003zds.1	1243.0	555.0	3345.0
uc011llk.1	1243.0	205.0	3252.0
uc003zdt.1	1243.0	555.0	3252.0
uc003zis.2	789.0	258.0	1122.0
uc010mhl.1	789.0	95.0	564.0
uc003zox.3	NA	NA	NA
uc003zoy.3	1987.0	571.0	1854.0
uc003zue.4	1890.0	167.0	2142.0
uc003zwr.3	1302.0	292.0	4833.0
uc003zwq.3	1302.0	292.0	4776.0
uc010mkl.1	2.0	292.0	1314.0
uc010mkm.1	NA	NA	NA
uc010mkq.3	NA	NA	NA
uc003zww.3	516.0	255.0	4551.0
uc003zwx.4	516.0	569.0	4551.0
uc004aad.3	1655.0	51.0	1521.0
uc004aac.3	1655.0	80.0	2919.0
uc004aab.3	1655.0	49.0	2871.0
uc004aax.3	3923.0	568.0	1530.0
uc004aay.3	1363.0	153.0	1554.0
uc022bgy.1	0.0	0.0	1554.0
uc004aox.4	1380.0	410.0	1038.0
uc004bdg.3	899.0	594.0	1440.0
uc004bdh.3	899.0	621.0	1515.0
uc031tes.1	NA	NA	NA
uc031ter.1	1009.0	621.0	330.0
uc022blk.1	899.0	22.0	438.0
uc004bdf.2	899.0	204.0	1290.0
uc004bje.4	3110.0	494.0	966.0
uc004bjd.4	3110.0	217.0	1029.0
uc004bjf.4	3110.0	200.0	726.0
uc004bln.3	1985.0	69.0	3399.0
uc004blo.3	155.0	147.0	3198.0
uc004blp.3	1985.0	22.0	1698.0
uc011mam.3	670.0	704.0	1431.0
uc031tfe.1	398.0	900.0	612.0
uc004bsj.5	670.0	418.0	1977.0
uc004bsk.5	905.0	418.0	1878.0
uc004bta.3	2195.0	219.0	984.0
uc004byk.1	1698.0	60.0	1011.0
uc004bzu.2	1291.0	21.0	882.0
uc011mbz.1	1291.0	21.0	804.0
uc011mca.1	NA	NA	NA
uc004bzv.3	1992.0	439.0	3450.0
uc004bzw.3	1992.0	3.0	3393.0
uc004caj.3	2744.0	70.0	843.0
uc004cak.3	2744.0	340.0	852.0
uc004cam.1	2.0	106.0	975.0
uc004can.4	4314.0	55.0	6690.0
uc010mzj.1	2.0	271.0	3153.0
uc004cao.4	4406.0	15.0	4587.0
uc004cap.4	4314.0	0.0	1128.0
uc011mch.2	4314.0	666.0	459.0
uc004cdb.4	1153.0	78.0	1086.0
uc004cfr.1	753.0	549.0	3630.0
uc022bpi.1	0.0	0.0	3630.0
uc011mea.2	1659.0	87.0	594.0
uc004chp.3	NA	NA	NA
uc010nbn.3	1659.0	319.0	7005.0
uc004chx.3	1659.0	309.0	7074.0
uc004chw.3	1659.0	69.0	6999.0
uc004chv.4	1659.0	0.0	5184.0
uc004chu.3	1659.0	36.0	1695.0
uc004cht.3	1659.0	50.0	1224.0
uc004chs.3	1659.0	401.0	594.0
uc004chr.3	1659.0	263.0	1158.0
uc004chq.3	1659.0	30.0	603.0
uc010nbo.1	0.0	187.0	3567.0
uc004cmo.2	1953.0	323.0	345.0
uc011mfc.2	1173.0	37.0	3897.0
uc004cob.1	133.0	66.0	2478.0
uc004coa.3	243.0	37.0	2427.0
uc010ncn.1	NA	NA	NA
uc004coe.3	1173.0	638.0	612.0
uc031tgg.1	1087.0	493.0	1701.0
uc011mgd.2	1087.0	493.0	1602.0
uc031tgh.1	1087.0	493.0	1506.0
uc004dus.3	1262.0	281.0	1875.0
uc011moq.1	199.0	247.0	1539.0
uc004duu.4	NA	NA	NA
uc004duw.4	NA	NA	NA
uc004duv.4	NA	NA	NA
uc010nkj.2	3340.0	286.0	777.0
uc004dux.1	3340.0	342.0	777.0
uc022bxv.1	0.0	0.0	777.0
uc004ehd.2	843.0	305.0	294.0
uc011mri.2	349.0	305.0	147.0
uc004esy.3	536.0	411.0	957.0
uc004esz.3	536.0	239.0	957.0
uc022cdo.1	0.0	0.0	957.0
