Name	3UTR	5UTR	CDS
uc001abv.1	1.0	60.0	429.0
uc001abw.1	428.0	80.0	2046.0
uc031pki.1	255.0	20.0	1188.0
uc031pjt.1	428.0	20.0	1860.0
uc031pkh.1	428.0	20.0	1671.0
uc031pjq.1	428.0	450.0	1443.0
uc031pjr.1	428.0	701.0	1029.0
uc031pjs.1	255.0	20.0	2046.0
uc031pkg.1	428.0	20.0	1722.0
uc031pkf.1	NA	NA	NA
uc031pke.1	428.0	453.0	1491.0
uc031pkd.1	NA	NA	NA
uc031pkc.1	428.0	20.0	1968.0
uc031pkb.1	428.0	150.0	1356.0
uc031pka.1	428.0	450.0	1164.0
uc031pjz.1	NA	NA	NA
uc031pjy.1	428.0	612.0	1443.0
uc031pjx.1	428.0	20.0	2001.0
uc031pjw.1	NA	NA	NA
uc031pjv.1	428.0	660.0	1491.0
uc031pju.1	428.0	20.0	2049.0
uc031pkk.1	NA	NA	NA
uc031pkl.1	NA	NA	NA
uc001abx.2	428.0	20.0	1998.0
uc031pkm.1	428.0	20.0	1806.0
uc031pkn.1	NA	NA	NA
uc031pjp.1	428.0	20.0	1719.0
uc031pjo.1	NA	NA	NA
uc031pjn.1	1.0	402.0	558.0
uc031pkj.1	255.0	20.0	1191.0
uc031pjm.1	0.0	20.0	2064.0
uc031pjl.1	0.0	20.0	2100.0
uc031pko.1	0.0	35.0	1590.0
uc031pkp.1	428.0	195.0	1029.0
uc001acr.2	NA	NA	NA
uc001act.2	1075.0	486.0	1143.0
uc001acu.2	1075.0	432.0	597.0
uc001acn.2	1075.0	631.0	1035.0
uc010nyd.1	NA	NA	NA
uc001acs.2	NA	NA	NA
uc001adk.3	1772.0	30.0	990.0
uc001akt.4	NA	NA	NA
uc021ofj.1	NA	NA	NA
uc021ofk.1	NA	NA	NA
uc021ofl.1	NA	NA	NA
uc009vlm.3	NA	NA	NA
uc001anz.1	4646.0	52.0	1620.0
uc001aoa.3	2641.0	52.0	1794.0
uc009vme.3	2641.0	142.0	693.0
uc001aoc.3	505.0	159.0	720.0
uc001aod.3	505.0	69.0	717.0
uc001aoe.2	1498.0	69.0	528.0
uc001apt.3	6466.0	273.0	2376.0
uc031plg.1	4950.0	240.0	1236.0
uc001atb.1	4950.0	198.0	2040.0
uc001atc.2	4950.0	229.0	1971.0
uc001atd.1	NA	NA	NA
uc009vnd.1	NA	NA	NA
uc001atm.3	734.0	113.0	2184.0
uc010obb.2	734.0	113.0	2325.0
uc010obo.2	835.0	227.0	3060.0
uc001ayq.3	1093.0	90.0	822.0
uc001ayo.3	1199.0	90.0	792.0
uc010ocd.2	1199.0	90.0	714.0
uc021ogo.1	NA	NA	NA
uc001bcb.3	657.0	412.0	543.0
uc021ohq.1	NA	NA	NA
uc001bca.3	657.0	722.0	876.0
uc001bby.3	657.0	352.0	876.0
uc001bbz.3	657.0	305.0	681.0
uc001bcn.3	827.0	242.0	1905.0
uc001bco.1	387.0	271.0	1743.0
uc001bcp.1	387.0	271.0	1623.0
uc009vpn.1	420.0	350.0	945.0
uc001bcq.1	1.0	168.0	876.0
uc001bdi.4	1242.0	157.0	1059.0
uc001bfm.4	NA	NA	NA
uc001bfn.4	NA	NA	NA
uc001bkx.3	1315.0	667.0	1041.0
uc021ojm.1	0.0	0.0	1041.0
uc001bne.3	522.0	29.0	1578.0
uc009vsp.2	522.0	460.0	1011.0
uc010ofj.2	924.0	172.0	1278.0
uc001bsd.2	3745.0	1493.0	1155.0
uc001bse.2	3745.0	47.0	1329.0
uc010ogz.1	605.0	558.0	1101.0
uc009vua.2	605.0	47.0	1641.0
uc001bum.2	605.0	47.0	1401.0
uc001buo.3	NA	NA	NA
uc001bup.3	NA	NA	NA
uc009vub.1	1371.0	3.0	543.0
uc010oha.2	NA	NA	NA
uc001buq.4	656.0	3.0	423.0
uc001cao.1	328.0	150.0	372.0
uc021olj.1	0.0	0.0	372.0
uc001cov.3	58.0	283.0	5397.0
uc001cow.3	58.0	283.0	5394.0
uc001coy.1	1.0	1307.0	2013.0
uc001cox.1	2.0	723.0	492.0
uc001coz.1	2.0	167.0	2361.0
uc009vya.3	245.0	237.0	1593.0
uc001cpa.3	NA	NA	NA
uc001cqe.4	1940.0	57.0	807.0
uc001cqf.4	1940.0	231.0	651.0
uc001dxa.4	1707.0	61.0	8772.0
uc001eik.3	3753.0	297.0	7416.0
uc001eil.3	306.0	297.0	3708.0
uc001eim.4	374.0	464.0	2460.0
uc021osy.1	374.0	275.0	2592.0
uc001etf.3	322.0	121.0	414.0
uc021oya.1	0.0	0.0	414.0
uc001fge.2	74.0	248.0	1473.0
uc001fgc.3	98.0	893.0	885.0
uc001fgd.2	942.0	401.0	1371.0
uc001fgg.2	321.0	248.0	1341.0
uc001fgf.2	74.0	401.0	1764.0
uc021paj.1	0.0	0.0	885.0
uc001fgh.1	221.0	477.0	513.0
uc010phi.2	845.0	196.0	1185.0
uc001fod.3	845.0	416.0	708.0
uc009wrw.3	845.0	171.0	1185.0
uc010pkk.1	NA	NA	NA
uc010pkl.1	1418.0	229.0	825.0
uc001fzd.3	1522.0	229.0	927.0
uc009wue.3	1522.0	320.0	573.0
uc009wuf.2	NA	NA	NA
uc001fze.3	1522.0	186.0	927.0
uc001hbe.1	676.0	504.0	2142.0
uc001hbf.1	676.0	376.0	2142.0
uc009xbf.1	676.0	479.0	2142.0
uc021phy.1	0.0	0.0	2142.0
uc001hra.2	558.0	342.0	669.0
uc001hrd.3	1089.0	414.0	1341.0
uc001hre.3	1089.0	598.0	615.0
uc001hrf.2	558.0	414.0	1395.0
uc001hri.2	54.0	88.0	1098.0
uc001iex.3	882.0	695.0	1359.0
uc021pme.1	0.0	0.0	1359.0
uc001iih.2	NA	NA	NA
uc001iig.2	1846.0	44.0	837.0
uc001iii.2	NA	NA	NA
uc009xic.2	1846.0	44.0	837.0
uc010qks.1	540.0	129.0	1530.0
uc001jvk.2	540.0	804.0	2652.0
uc010qkt.1	540.0	971.0	2283.0
uc001jvl.1	986.0	372.0	714.0
uc009xro.2	228.0	129.0	1371.0
uc010qku.1	2.0	132.0	2046.0
uc001knd.1	1374.0	129.0	702.0
uc001koj.4	2546.0	169.0	522.0
uc001kuj.3	236.0	108.0	2328.0
uc009ybe.3	780.0	29.0	1500.0
uc001lll.4	810.0	29.0	1773.0
uc001loj.4	1668.0	314.0	774.0
uc010qvq.2	1668.0	461.0	774.0
uc010qvp.2	1668.0	34.0	1038.0
uc010qvo.2	1668.0	34.0	1254.0
uc010qvn.2	1668.0	34.0	957.0
uc010qvm.2	1668.0	34.0	1062.0
uc001lok.4	1668.0	34.0	1200.0
uc009ybt.1	NA	NA	NA
uc001lto.2	717.0	192.0	459.0
uc010qwz.2	717.0	162.0	807.0
uc001ltq.2	717.0	28.0	696.0
uc001ltp.1	35.0	599.0	768.0
uc001mwh.3	923.0	450.0	1314.0
uc001nbo.3	1681.0	477.0	1056.0
uc010rgm.2	1681.0	380.0	1056.0
uc001nbp.3	1681.0	712.0	1095.0
uc001nde.2	53.0	281.0	2163.0
uc010rgw.2	53.0	20.0	2139.0
uc001ndn.4	2266.0	243.0	5718.0
uc001ndm.4	2266.0	217.0	444.0
uc009ylh.2	1.0	243.0	648.0
uc001nei.3	814.0	117.0	1272.0
uc010rhe.2	814.0	114.0	1188.0
uc010rhh.2	814.0	607.0	711.0
uc010rhg.2	814.0	117.0	1083.0
uc010rhf.2	814.0	117.0	1176.0
uc009ylj.3	814.0	643.0	1056.0
uc010rhi.1	1.0	612.0	576.0
uc009ylk.2	1.0	117.0	1038.0
uc010rhj.1	130.0	117.0	483.0
uc001njq.3	465.0	28.0	909.0
uc001njr.3	465.0	312.0	5190.0
uc001njs.3	465.0	165.0	5190.0
uc009ymd.1	2.0	1826.0	2667.0
uc001nud.3	172.0	53.0	3060.0
uc001nve.2	308.0	20.0	609.0
uc010rnq.1	1597.0	47.0	1647.0
uc001obv.1	1597.0	411.0	1605.0
uc001obu.1	1597.0	255.0	1605.0
uc021qkz.1	1597.0	410.0	654.0
uc001ocm.3	101.0	389.0	1077.0
uc001oew.3	536.0	493.0	2544.0
uc010rol.2	536.0	293.0	1773.0
uc001oev.3	536.0	482.0	792.0
uc001oex.1	533.0	621.0	1011.0
uc001oey.2	461.0	0.0	6105.0
uc009yqn.3	456.0	245.0	528.0
uc001oez.2	461.0	11.0	2766.0
uc031qbm.1	3958.0	0.0	2637.0
uc001ogf.3	243.0	380.0	609.0
uc001ogi.3	647.0	29.0	882.0
uc009yqv.3	647.0	29.0	879.0
uc001ojd.3	622.0	72.0	7173.0
uc001ojc.1	1142.0	44.0	525.0
uc001oje.1	NA	NA	NA
uc001ojq.1	2.0	189.0	1140.0
uc001ojr.3	280.0	340.0	1908.0
uc001okr.3	853.0	93.0	1176.0
uc021qmg.1	853.0	185.0	948.0
uc001ooj.1	NA	NA	NA
uc001ook.1	870.0	102.0	2982.0
uc001ool.1	870.0	521.0	1854.0
uc001oom.1	1.0	1025.0	1344.0
uc001opm.2	929.0	297.0	627.0
uc001ord.3	1282.0	683.0	741.0
uc001ora.3	1282.0	340.0	984.0
uc001orb.3	1282.0	398.0	888.0
uc009yst.3	1428.0	398.0	618.0
uc021qnc.1	1.0	355.0	1203.0
uc001otu.3	1600.0	21.0	6192.0
uc001owf.2	6041.0	224.0	1233.0
uc001owe.2	6041.0	224.0	1257.0
uc001ptr.2	1215.0	353.0	4134.0
uc001pts.3	1215.0	130.0	4134.0
uc001ptt.3	1215.0	130.0	3960.0
uc010ryh.1	2.0	130.0	1101.0
uc001ptu.2	NA	NA	NA
uc001ptv.2	1215.0	119.0	3546.0
uc001ptw.2	1215.0	72.0	2166.0
uc001ptx.2	1215.0	781.0	1209.0
uc009zai.2	1215.0	513.0	1209.0
uc010ryi.1	78.0	69.0	900.0
uc010ryj.1	509.0	65.0	543.0
uc001pvg.3	1088.0	73.0	432.0
uc010rzc.1	96.0	679.0	1824.0
uc001pvu.3	577.0	215.0	2928.0
uc001pvv.3	36.0	239.0	2766.0
uc001pvw.3	577.0	239.0	2928.0
uc001pvx.3	577.0	580.0	2928.0
uc001pwh.3	890.0	623.0	1302.0
uc009zbz.3	1324.0	54.0	1041.0
uc010sbl.2	1324.0	107.0	555.0
uc001qde.3	1324.0	54.0	1134.0
uc001qgk.4	2551.0	548.0	2979.0
uc010scg.2	2551.0	654.0	690.0
uc010scf.2	2551.0	223.0	1308.0
uc010sce.2	2551.0	356.0	1119.0
uc001qgl.3	172.0	548.0	2412.0
uc009zcx.1	NA	NA	NA
uc009zek.3	555.0	303.0	1239.0
uc010sez.2	555.0	473.0	1044.0
uc010sey.2	555.0	805.0	672.0
uc001qnu.3	555.0	303.0	1368.0
uc001qnt.3	555.0	297.0	1044.0
uc010sfa.2	648.0	303.0	657.0
uc010sfc.2	634.0	188.0	1251.0
uc001qnz.2	634.0	326.0	1293.0
uc001qny.2	634.0	326.0	1308.0
uc001qrm.3	256.0	208.0	792.0
uc001qrl.3	256.0	156.0	792.0
uc009zft.3	2407.0	93.0	945.0
uc001qsn.3	1841.0	93.0	1464.0
uc001qso.2	217.0	93.0	564.0
uc001sch.2	218.0	147.0	1674.0
uc001sci.2	218.0	195.0	1353.0
uc021qye.1	0.0	0.0	1353.0
uc001sem.3	1006.0	116.0	915.0
uc001sff.2	1738.0	150.0	813.0
uc009znf.2	1738.0	63.0	813.0
uc001sfg.2	1738.0	147.0	813.0
uc021qyn.1	64.0	145.0	534.0
uc001sfd.4	64.0	63.0	534.0
uc001sfb.4	64.0	343.0	534.0
uc001sfc.4	64.0	424.0	534.0
uc001sfe.2	2103.0	145.0	381.0
uc001sga.3	1032.0	68.0	3150.0
uc010sow.1	NA	NA	NA
uc009znp.1	NA	NA	NA
uc009zqc.3	606.0	48.0	468.0
uc010ssd.2	428.0	48.0	831.0
uc009zvu.3	2027.0	372.0	750.0
uc001tsd.4	2027.0	391.0	750.0
uc021rdy.1	2027.0	440.0	789.0
uc001tsc.3	2027.0	35.0	819.0
uc021rdz.1	0.0	0.0	750.0
uc001ujg.3	275.0	191.0	1200.0
uc001ujh.3	275.0	162.0	1200.0
uc001ujf.3	275.0	455.0	1284.0
uc001uji.3	275.0	516.0	1125.0
uc001upe.3	NA	NA	NA
uc001upd.3	4301.0	392.0	4020.0
uc001upg.2	4301.0	433.0	1959.0
uc021rhg.1	4301.0	322.0	3834.0
uc001upf.2	21.0	322.0	1848.0
uc010tcz.2	4301.0	42.0	1611.0
uc010tcy.1	2.0	42.0	1842.0
uc001uph.3	4301.0	139.0	1725.0
uc010tda.2	4301.0	281.0	1791.0
uc010tdb.2	4301.0	139.0	1539.0
uc009zzz.2	4185.0	33.0	747.0
uc001upi.1	1898.0	147.0	387.0
uc010tgs.1	2086.0	140.0	2031.0
uc001vfv.2	2086.0	1529.0	2214.0
uc001vfy.2	2086.0	157.0	4065.0
uc010adv.2	2086.0	157.0	3108.0
uc001vfw.2	2086.0	157.0	4398.0
uc001vfx.2	2086.0	157.0	3777.0
uc010tgt.1	2086.0	157.0	4203.0
uc010tgu.1	2086.0	157.0	4254.0
uc010tgv.1	2086.0	157.0	4164.0
uc010tgw.1	94.0	217.0	1587.0
uc001vqy.3	599.0	205.0	705.0
uc010tji.2	925.0	142.0	366.0
uc001vra.3	NA	NA	NA
uc010tjj.2	1467.0	142.0	990.0
uc001vqz.3	NA	NA	NA
uc010tjl.2	1467.0	86.0	651.0
uc010tjk.2	1467.0	132.0	714.0
uc001vrb.3	1467.0	91.0	1044.0
uc001vrc.3	1474.0	91.0	1173.0
uc021rmn.1	1467.0	244.0	381.0
uc001whd.3	555.0	553.0	2142.0
uc001whe.3	1176.0	157.0	1299.0
uc010tob.1	696.0	634.0	2526.0
uc001wnb.1	696.0	348.0	1821.0
uc010toa.1	696.0	403.0	1560.0
uc001wnc.3	299.0	348.0	1470.0
uc010twx.2	1040.0	314.0	972.0
uc001yha.3	1167.0	291.0	912.0
uc010avv.3	1167.0	229.0	714.0
uc010avw.3	45.0	291.0	369.0
uc001yos.4	1108.0	0.0	5649.0
uc021seo.1	810.0	244.0	2382.0
uc021sen.1	810.0	51.0	3579.0
uc001ypx.2	809.0	273.0	17088.0
uc010axc.1	809.0	120.0	17388.0
uc001ypy.1	759.0	153.0	978.0
uc001ypz.1	NA	NA	NA
uc010tym.1	NA	NA	NA
uc001yqa.2	1105.0	96.0	726.0
uc001yqb.2	1631.0	96.0	726.0
uc021sep.1	0.0	0.0	726.0
uc001yqp.2	1265.0	363.0	2034.0
uc001yqk.2	1265.0	849.0	612.0
uc001yql.2	1265.0	883.0	1422.0
uc001yqo.2	1265.0	276.0	1320.0
uc010axg.1	1265.0	363.0	1953.0
uc010typ.1	1265.0	417.0	1755.0
uc010tyo.1	1265.0	417.0	1689.0
uc010axh.1	NA	NA	NA
uc001yqn.2	NA	NA	NA
uc010axi.1	910.0	374.0	483.0
uc010axj.1	NA	NA	NA
uc001yqr.3	176.0	363.0	627.0
uc001zlq.2	3050.0	334.0	1191.0
uc001zls.3	3050.0	334.0	1281.0
uc001zlr.2	3050.0	259.0	390.0
uc001zlt.2	2112.0	259.0	2340.0
uc001zlu.2	2112.0	71.0	2343.0
uc010bbp.1	2112.0	71.0	2331.0
uc001zlv.2	2112.0	14.0	2334.0
uc001zlw.3	814.0	253.0	1131.0
uc001znd.3	844.0	150.0	711.0
uc001zne.3	634.0	339.0	2922.0
uc002anw.3	2114.0	134.0	1323.0
uc002anv.3	2114.0	134.0	1473.0
uc002avg.4	974.0	94.0	1494.0
uc002ave.4	974.0	359.0	669.0
uc010ukw.2	974.0	5.0	1320.0
uc002avf.4	974.0	94.0	1491.0
uc002avi.4	974.0	673.0	1125.0
uc002avh.4	974.0	522.0	777.0
uc002avj.1	1663.0	243.0	297.0
uc002azj.1	882.0	851.0	600.0
uc010bkl.2	529.0	155.0	555.0
uc002bat.2	526.0	944.0	555.0
uc002bfz.3	644.0	1318.0	1089.0
uc002bly.3	1708.0	203.0	1770.0
uc021stw.1	0.0	0.0	1770.0
uc002boy.3	1017.0	283.0	2514.0
uc002boz.3	1017.0	249.0	2514.0
uc010uqd.2	1017.0	763.0	2028.0
uc002bpa.3	1017.0	687.0	2028.0
uc002bpu.1	1579.0	216.0	2385.0
uc002chf.3	1642.0	339.0	2271.0
uc010uuf.2	1642.0	181.0	1383.0
uc010uug.2	1642.0	27.0	1476.0
uc021szt.1	1651.0	222.0	846.0
uc021szu.1	1651.0	114.0	846.0
uc021szv.1	1651.0	74.0	846.0
uc002chq.3	1651.0	74.0	789.0
uc002chr.3	1651.0	119.0	846.0
uc002ciz.1	32.0	760.0	2373.0
uc002clr.4	502.0	77.0	399.0
uc010uvd.2	0.0	0.0	1071.0
uc002cot.1	1017.0	209.0	12909.0
uc002cos.1	1017.0	209.0	12912.0
uc010bse.1	NA	NA	NA
uc002csj.4	1536.0	334.0	822.0
uc002csl.4	1536.0	334.0	600.0
uc002csk.4	1536.0	334.0	705.0
uc010uwm.2	1536.0	154.0	615.0
uc010btf.3	5062.0	447.0	462.0
uc010uws.2	1457.0	447.0	1380.0
uc002cud.3	NA	NA	NA
uc010bth.3	1457.0	428.0	1380.0
uc010uwt.3	1457.0	515.0	906.0
uc002cvh.4	1703.0	246.0	729.0
uc010uxb.1	2.0	85.0	591.0
uc010btk.1	2.0	275.0	375.0
uc010btl.3	169.0	779.0	705.0
uc021tcf.1	1725.0	196.0	729.0
uc010btm.3	1703.0	196.0	729.0
uc010uxd.2	NA	NA	NA
uc010uxe.2	NA	NA	NA
uc002cvg.2	2.0	14.0	570.0
uc002cvx.3	3126.0	539.0	4062.0
uc002cwc.1	2073.0	66.0	1575.0
uc002cwj.1	629.0	155.0	2022.0
uc021tch.1	0.0	0.0	2022.0
uc002cxo.1	1562.0	679.0	819.0
uc002cxp.1	1562.0	247.0	1443.0
uc010uxt.1	816.0	247.0	1326.0
uc002cze.3	772.0	34.0	642.0
uc010uyf.2	NA	NA	NA
uc010uyg.2	1512.0	242.0	492.0
uc010uyh.2	1512.0	276.0	366.0
uc010buj.3	NA	NA	NA
uc010uyi.2	1512.0	242.0	300.0
uc002czf.4	1512.0	70.0	741.0
uc010uye.1	611.0	70.0	363.0
uc002dys.2	218.0	132.0	789.0
uc002dyt.2	218.0	778.0	831.0
uc002eao.3	225.0	684.0	1860.0
uc010caf.3	225.0	785.0	1860.0
uc010cag.2	225.0	311.0	1860.0
uc021tgt.1	225.0	356.0	1929.0
uc010vfn.2	278.0	124.0	3093.0
uc010vfo.2	278.0	355.0	2904.0
uc002ecc.3	278.0	529.0	2808.0
uc002eca.4	1966.0	529.0	2178.0
uc002ecb.2	1180.0	57.0	2001.0
uc010vfp.2	278.0	57.0	2232.0
uc002erh.1	463.0	624.0	759.0
uc002eri.1	463.0	80.0	939.0
uc010vjb.1	453.0	80.0	453.0
uc002eub.3	622.0	295.0	1158.0
uc002euc.3	622.0	264.0	843.0
uc010cen.2	4661.0	295.0	339.0
uc031qwq.1	0.0	0.0	339.0
uc002euo.3	696.0	245.0	945.0
uc002evh.2	306.0	665.0	1623.0
uc010vle.2	1401.0	83.0	957.0
uc010vld.2	1804.0	83.0	711.0
uc010vlf.2	1401.0	83.0	639.0
uc002evr.3	1401.0	83.0	1239.0
uc002evs.3	1401.0	1020.0	702.0
uc002ewx.1	401.0	25.0	732.0
uc002eyw.2	2254.0	2108.0	1053.0
uc002eyx.2	2254.0	1143.0	1053.0
uc002fbp.3	1218.0	21.0	1188.0
uc010vnd.2	481.0	30.0	2667.0
uc002fdv.3	481.0	146.0	2613.0
uc002fdx.3	481.0	73.0	2667.0
uc002fdw.3	481.0	171.0	2613.0
uc010vnb.2	481.0	284.0	2751.0
uc010cgu.3	481.0	146.0	2667.0
uc010vna.2	481.0	267.0	2607.0
uc002fdu.3	481.0	989.0	1983.0
uc002fdt.3	481.0	1246.0	972.0
uc010vnc.2	481.0	335.0	2169.0
uc002fgz.3	693.0	20.0	1482.0
uc010voa.2	1094.0	655.0	1614.0
uc002fho.3	1094.0	1407.0	1179.0
uc010vnz.2	1094.0	794.0	1614.0
uc010vny.2	1094.0	1358.0	1383.0
uc002fhn.3	1094.0	242.0	2610.0
uc010vnx.2	1094.0	242.0	2532.0
uc002fhm.3	1094.0	282.0	2328.0
uc010vob.2	245.0	275.0	1047.0
uc002fjw.3	1952.0	44.0	1620.0
uc010vot.2	1952.0	308.0	1104.0
uc002fjv.3	1952.0	573.0	1296.0
uc002fkm.3	2947.0	72.0	1524.0
uc002fni.3	811.0	21.0	1470.0
uc002fnj.3	673.0	21.0	2388.0
uc002fnk.2	162.0	550.0	555.0
uc002fnl.3	673.0	758.0	615.0
uc002fok.3	463.0	87.0	459.0
uc002foj.3	977.0	87.0	1275.0
uc010ciq.3	2678.0	588.0	1203.0
uc010cis.3	2678.0	886.0	1122.0
uc002for.4	2678.0	697.0	1203.0
uc010cir.3	NA	NA	NA
uc002foq.4	2678.0	312.0	1620.0
uc002fot.4	NA	NA	NA
uc002fos.4	2678.0	97.0	1845.0
uc010vpm.2	2678.0	245.0	1359.0
uc010cit.2	337.0	290.0	855.0
uc002fpe.4	765.0	1380.0	954.0
uc002frq.3	1265.0	41.0	678.0
uc002frp.3	1265.0	41.0	774.0
uc002frr.3	1265.0	218.0	504.0
uc010vqd.2	1636.0	135.0	381.0
uc010vqe.2	1636.0	61.0	984.0
uc002fsa.3	1636.0	80.0	1308.0
uc002fsb.2	230.0	235.0	435.0
uc002fth.2	914.0	234.0	2673.0
uc010vqp.1	914.0	53.0	2217.0
uc002fti.2	914.0	261.0	2145.0
uc002ftj.2	914.0	129.0	5826.0
uc010vqq.1	914.0	249.0	1719.0
uc002fvz.1	2298.0	103.0	1437.0
uc002fwu.3	1888.0	148.0	1518.0
uc002fwt.3	1888.0	94.0	1518.0
uc002fwv.3	747.0	148.0	1563.0
uc002fyp.3	414.0	62.0	354.0
uc002ggt.1	2061.0	73.0	2508.0
uc002gra.4	1442.0	504.0	1740.0
uc002grb.4	208.0	504.0	1029.0
uc002grc.2	1425.0	504.0	594.0
uc002guw.3	291.0	167.0	2472.0
uc002gyp.2	374.0	443.0	579.0
uc002gyq.2	922.0	205.0	561.0
uc002hbw.3	633.0	296.0	636.0
uc002hbx.3	NA	NA	NA
uc010crs.2	638.0	296.0	246.0
uc002hed.2	1890.0	58.0	1407.0
uc010wdq.2	1650.0	439.0	1140.0
uc010cwa.3	618.0	526.0	3723.0
uc002hsm.3	618.0	520.0	3678.0
uc002hsl.3	173.0	520.0	1812.0
uc031raa.1	NA	NA	NA
uc010wek.2	618.0	238.0	2940.0
uc010cwb.3	965.0	238.0	3168.0
uc002hsp.3	618.0	892.0	3177.0
uc002hso.3	618.0	238.0	3768.0
uc002hsn.1	44.0	238.0	1260.0
uc002hzv.3	210.0	340.0	2232.0
uc002hzw.3	276.0	968.0	987.0
uc010wgm.2	NA	NA	NA
uc010cyi.3	276.0	0.0	1080.0
uc002idt.3	798.0	181.0	606.0
uc021txy.1	0.0	0.0	606.0
uc010wiv.2	2458.0	120.0	390.0
uc002ifz.3	2458.0	91.0	1065.0
uc002iga.3	2458.0	91.0	1044.0
uc002igx.2	1876.0	245.0	1698.0
uc002ipv.3	1016.0	271.0	723.0
uc002ipw.3	1016.0	240.0	507.0
uc021tzu.1	1237.0	62.0	345.0
uc010dbm.3	1220.0	464.0	3201.0
uc010dbl.3	1407.0	464.0	3156.0
uc010dbo.3	NA	NA	NA
uc002iqo.3	860.0	109.0	2598.0
uc010wmp.2	455.0	56.0	564.0
uc002iqw.1	1114.0	56.0	1329.0
uc010wmq.1	NA	NA	NA
uc002iup.2	668.0	525.0	699.0
uc002jjh.3	213.0	36.0	2823.0
uc002jjf.1	1164.0	36.0	2889.0
uc002jjg.3	55.0	36.0	2943.0
uc002jjn.3	1806.0	147.0	1071.0
uc002jjo.3	1806.0	224.0	1071.0
uc002jjp.1	1805.0	224.0	861.0
uc021ucn.1	0.0	0.0	1071.0
uc002jkp.3	401.0	511.0	1461.0
uc002jkq.3	628.0	511.0	453.0
uc002jkr.3	401.0	57.0	1362.0
uc002jkt.3	1280.0	32.0	1356.0
uc002jku.3	1280.0	417.0	621.0
uc010wru.1	1448.0	302.0	312.0
uc002jmw.1	1227.0	302.0	597.0
uc010dga.1	NA	NA	NA
uc002jwk.3	1834.0	300.0	1206.0
uc002jwj.3	1834.0	495.0	1206.0
uc002jwn.3	1834.0	439.0	1206.0
uc002jwl.2	NA	NA	NA
uc002jxj.4	8516.0	126.0	2304.0
uc002jxi.4	8516.0	96.0	1179.0
uc002jxg.2	8516.0	96.0	1218.0
uc002jxk.2	240.0	96.0	837.0
uc002jya.4	1172.0	590.0	900.0
uc002jxz.4	1172.0	87.0	1509.0
uc002jxy.2	4731.0	87.0	822.0
uc010wue.1	696.0	87.0	825.0
uc002jyw.4	980.0	78.0	606.0
uc002jzz.1	557.0	375.0	3360.0
uc002jzy.1	557.0	848.0	3114.0
uc031reu.1	552.0	851.0	585.0
uc021uey.1	552.0	584.0	585.0
uc002kab.3	344.0	375.0	2343.0
uc031rex.1	1932.0	109.0	1008.0
uc010wvb.2	1932.0	308.0	1074.0
uc002kce.2	1932.0	730.0	936.0
uc002kci.2	1932.0	284.0	1047.0
uc002kcf.2	1932.0	109.0	1170.0
uc010wvc.2	1932.0	627.0	936.0
uc002kch.2	1932.0	109.0	1224.0
uc010dir.3	1417.0	220.0	564.0
uc002kfd.4	864.0	541.0	672.0
uc002kfb.4	1417.0	170.0	564.0
uc021ufs.1	1417.0	390.0	564.0
uc021ufu.1	864.0	492.0	672.0
uc021uft.1	1417.0	387.0	564.0
uc002kfe.4	864.0	376.0	672.0
uc021ufr.1	864.0	450.0	672.0
uc002kfa.3	1417.0	440.0	564.0
uc021ufq.1	1417.0	334.0	564.0
uc002key.3	864.0	1000.0	672.0
uc031rez.1	864.0	1675.0	672.0
uc002kex.3	864.0	742.0	672.0
uc002kfc.4	1417.0	170.0	522.0
uc010dis.2	545.0	170.0	366.0
uc021ufv.1	NA	NA	NA
uc002kgh.3	271.0	125.0	936.0
uc002kgi.3	271.0	941.0	690.0
uc002lnh.2	720.0	147.0	2886.0
uc002lni.2	839.0	147.0	2604.0
uc010drd.2	835.0	147.0	2604.0
uc021ult.1	720.0	131.0	2529.0
uc010dre.2	1556.0	500.0	567.0
uc002lnl.2	1556.0	172.0	816.0
uc002lnk.2	1556.0	172.0	762.0
uc010xfm.1	1702.0	172.0	399.0
uc010dsi.2	32.0	430.0	2151.0
uc002lrz.2	1855.0	110.0	2136.0
uc002lsb.2	1855.0	386.0	1929.0
uc010xgm.1	1949.0	69.0	2196.0
uc002lsc.1	1.0	1313.0	906.0
uc002lsd.2	NA	NA	NA
uc010dsn.3	894.0	0.0	1956.0
uc002ltj.3	1486.0	22.0	876.0
uc002ltk.3	1486.0	80.0	780.0
uc002ltl.1	1661.0	22.0	876.0
uc010dsq.3	820.0	205.0	1593.0
uc002lua.4	820.0	95.0	3666.0
uc010xgs.1	137.0	935.0	1080.0
uc010dsp.1	NA	NA	NA
uc010dsr.1	0.0	394.0	1773.0
uc002luv.3	2359.0	318.0	654.0
uc002luu.3	2359.0	159.0	654.0
uc010dsw.1	0.0	242.0	1044.0
uc010dsy.1	0.0	287.0	1044.0
uc002lvr.3	2199.0	80.0	1533.0
uc002lvs.3	1893.0	80.0	1776.0
uc010dsz.1	0.0	80.0	1128.0
uc010dta.1	0.0	72.0	684.0
uc002lvu.3	228.0	131.0	1047.0
uc002lwb.2	658.0	234.0	483.0
uc002lwc.1	0.0	174.0	324.0
uc002lwf.3	2643.0	158.0	597.0
uc021umt.1	0.0	0.0	597.0
uc002lwq.3	176.0	87.0	1368.0
uc002lwp.1	174.0	87.0	1371.0
uc002lxd.3	277.0	242.0	1080.0
uc002lxh.1	NA	NA	NA
uc002lxi.3	1887.0	154.0	1692.0
uc002lxj.1	NA	NA	NA
uc002lxk.3	1887.0	36.0	624.0
uc002lxt.2	1921.0	212.0	1482.0
uc010dtk.2	1921.0	34.0	1491.0
uc002lxv.2	1921.0	34.0	1215.0
uc002lzd.1	647.0	214.0	1365.0
uc002lzc.1	647.0	94.0	1365.0
uc002lzb.1	647.0	839.0	576.0
uc002max.3	3138.0	118.0	561.0
uc021une.1	3138.0	146.0	561.0
uc021unf.1	0.0	0.0	561.0
uc002mbf.3	1695.0	139.0	2010.0
uc010dwg.1	1575.0	683.0	1209.0
uc002mkn.1	1575.0	230.0	1209.0
uc010xkh.1	1575.0	483.0	996.0
uc002mmg.3	629.0	396.0	822.0
uc002mmf.3	629.0	445.0	822.0
uc002mme.3	629.0	242.0	981.0
uc002mmd.3	629.0	285.0	822.0
uc002mnq.2	1328.0	319.0	1599.0
uc010xle.1	1328.0	319.0	933.0
uc002mnu.4	162.0	65.0	2775.0
uc002mnv.4	162.0	39.0	2400.0
uc002mot.2	1073.0	71.0	1197.0
uc002mou.2	1073.0	187.0	1197.0
uc021uox.1	0.0	0.0	1197.0
uc010xlx.2	NA	NA	NA
uc010xly.2	779.0	757.0	1008.0
uc002mrk.2	779.0	904.0	1008.0
uc002mrj.2	779.0	135.0	1527.0
uc002mwr.3	1046.0	328.0	672.0
uc021upr.1	0.0	0.0	672.0
uc002ngb.4	530.0	240.0	1320.0
uc010eaz.2	1.0	1120.0	1626.0
uc002nhe.1	87.0	9.0	3180.0
uc010xpv.1	87.0	106.0	3102.0
uc002nhu.3	1136.0	180.0	1209.0
uc002nhv.3	1136.0	143.0	1224.0
uc002nip.2	688.0	138.0	1044.0
uc002njz.1	1247.0	27.0	1848.0
uc002nkg.3	1713.0	275.0	3390.0
uc002nkf.3	1713.0	275.0	3357.0
uc002nkh.3	1713.0	992.0	1122.0
uc002nun.3	1404.0	110.0	1077.0
uc002oco.3	176.0	452.0	1887.0
uc002ocp.3	696.0	87.0	348.0
uc002ohk.3	2128.0	509.0	5346.0
uc010xuz.2	3121.0	325.0	4161.0
uc010xuy.2	137.0	325.0	3714.0
uc002olj.3	222.0	135.0	1734.0
uc010xva.2	3121.0	293.0	3495.0
uc002olz.1	1327.0	52.0	486.0
uc002ona.3	283.0	288.0	2865.0
uc002ont.4	334.0	159.0	711.0
uc002oot.3	1300.0	33.0	2052.0
uc002osu.2	845.0	199.0	981.0
uc002osv.2	NA	NA	NA
uc031rkw.1	845.0	454.0	444.0
uc031rkv.1	1024.0	182.0	312.0
uc031rkx.1	NA	NA	NA
uc002osw.2	845.0	199.0	966.0
uc031rky.1	NA	NA	NA
uc031rla.1	NA	NA	NA
uc031rku.1	845.0	422.0	414.0
uc031rkz.1	845.0	117.0	981.0
uc002ozw.1	849.0	390.0	1617.0
uc002ozv.3	321.0	390.0	1440.0
uc002pap.1	1014.0	151.0	396.0
uc002par.1	1014.0	114.0	396.0
uc002paq.1	1014.0	237.0	396.0
uc021uvr.1	0.0	0.0	396.0
uc002pax.4	1895.0	96.0	609.0
uc021uvu.1	0.0	0.0	609.0
uc002pcy.3	1055.0	125.0	1812.0
uc002pcz.3	1055.0	123.0	1812.0
uc021uvz.1	0.0	0.0	1812.0
uc002pdb.3	716.0	395.0	2220.0
uc002pds.1	412.0	344.0	1755.0
uc010xyu.2	1702.0	199.0	1224.0
uc002phj.4	1702.0	250.0	1632.0
uc002pjd.2	3996.0	233.0	1341.0
uc002poq.3	250.0	124.0	3939.0
uc010yez.2	291.0	119.0	1506.0
uc002qlh.3	426.0	53.0	1689.0
uc021vby.1	0.0	0.0	1689.0
uc002qlj.4	1079.0	4105.0	1491.0
uc002qli.4	1079.0	90.0	1491.0
uc010etb.1	NA	NA	NA
uc002qll.1	1010.0	14.0	972.0
uc002qln.3	458.0	273.0	594.0
uc002qlq.3	458.0	174.0	594.0
uc021vcb.1	0.0	0.0	594.0
uc010yhw.1	NA	NA	NA
uc010euo.3	888.0	474.0	2148.0
uc010yhx.2	888.0	474.0	2064.0
uc010yhy.2	888.0	509.0	2064.0
uc002qrt.4	888.0	865.0	1722.0
uc010eun.1	NA	NA	NA
uc002qru.4	888.0	904.0	1722.0
uc002qrv.3	NA	NA	NA
uc002qta.3	761.0	117.0	1011.0
uc002qsz.3	504.0	117.0	1353.0
uc010eur.3	1048.0	117.0	1011.0
uc002qtf.3	524.0	80.0	1536.0
uc002qtd.3	524.0	292.0	1536.0
uc002qto.3	155.0	561.0	2205.0
uc031rnj.1	1243.0	561.0	873.0
uc002qtn.3	155.0	243.0	2205.0
uc010euu.1	1083.0	143.0	903.0
uc002qxa.3	2317.0	64.0	4440.0
uc002qxb.1	472.0	64.0	2184.0
uc002qxc.1	1.0	656.0	858.0
uc002rdp.1	1969.0	391.0	933.0
uc002rdo.1	1969.0	299.0	933.0
uc010exv.3	784.0	299.0	510.0
uc010exw.1	NA	NA	NA
uc002rfs.4	762.0	199.0	3435.0
uc002rfr.4	762.0	211.0	2196.0
uc010ykm.2	762.0	199.0	3438.0
uc002ruo.3	985.0	293.0	876.0
uc002svr.3	3600.0	253.0	717.0
uc002svq.3	3600.0	276.0	717.0
uc002tly.3	1080.0	34.0	573.0
uc002tme.2	NA	NA	NA
uc010flh.3	793.0	132.0	327.0
uc002tmd.2	329.0	132.0	936.0
uc002tmc.1	329.0	81.0	936.0
uc010flg.1	329.0	473.0	936.0
uc021vnk.1	0.0	0.0	936.0
uc002tmj.2	4453.0	432.0	1053.0
uc010fmw.1	1074.0	354.0	2517.0
uc002trz.1	545.0	354.0	2415.0
uc002tsb.1	1725.0	519.0	2013.0
uc002tsa.1	1074.0	519.0	2073.0
uc010fmx.1	1074.0	6.0	1893.0
uc002tsc.1	1074.0	1463.0	702.0
uc002uhk.3	453.0	73.0	1008.0
uc010zdw.2	453.0	513.0	654.0
uc010zlh.2	436.0	357.0	1842.0
uc002vmc.4	436.0	227.0	2328.0
uc002vyw.4	1788.0	221.0	1677.0
uc002wbq.3	1716.0	292.0	639.0
uc002wdh.4	3356.0	354.0	948.0
uc002wef.1	587.0	336.0	888.0
uc002weg.1	587.0	144.0	888.0
uc002weh.1	587.0	163.0	888.0
uc002wjk.3	833.0	207.0	1800.0
uc002xdt.2	934.0	528.0	1194.0
uc002xdw.2	934.0	77.0	1374.0
uc010zvk.2	934.0	805.0	768.0
uc010zvl.2	934.0	77.0	1221.0
uc002xdx.3	145.0	77.0	570.0
uc002xha.3	1494.0	448.0	264.0
uc002xhc.3	1494.0	315.0	264.0
uc021wdf.1	1494.0	284.0	264.0
uc002xhb.3	1494.0	278.0	264.0
uc021wde.1	1494.0	351.0	264.0
uc021wdg.1	0.0	0.0	264.0
uc002xpu.1	2618.0	89.0	477.0
uc002xps.1	1232.0	89.0	600.0
uc002xpt.1	2618.0	89.0	459.0
uc002xpv.1	1962.0	89.0	1122.0
uc002xpw.1	1962.0	886.0	555.0
uc010zxd.1	2618.0	39.0	450.0
uc002xpy.1	1962.0	671.0	555.0
uc002xpz.1	1150.0	311.0	555.0
uc002xuv.2	4306.0	210.0	1746.0
uc010gid.4	4306.0	1001.0	618.0
uc010zym.2	4306.0	947.0	846.0
uc010zyl.2	4306.0	748.0	1089.0
uc010zyk.2	4306.0	832.0	1089.0
uc010zyj.2	4306.0	210.0	1794.0
uc010gic.3	105.0	48.0	678.0
uc002yai.2	462.0	126.0	912.0
uc002yaj.4	1.0	126.0	852.0
uc002ydk.3	351.0	81.0	1983.0
uc002ydj.3	351.0	35.0	2034.0
uc002ydl.3	351.0	2277.0	1878.0
uc011aat.1	1623.0	350.0	882.0
uc002yen.3	2165.0	112.0	1212.0
uc002yem.3	1917.0	112.0	1221.0
uc002yel.3	1917.0	112.0	1245.0
uc011aas.1	1623.0	161.0	1086.0
uc002yeo.1	NA	NA	NA
uc002ygv.2	3262.0	201.0	1770.0
uc002ygu.3	NA	NA	NA
uc002ypn.2	3899.0	93.0	6816.0
uc002zee.3	2195.0	134.0	909.0
uc011afc.2	2195.0	252.0	639.0
uc002zef.3	2195.0	134.0	558.0
uc010gpp.1	2.0	134.0	1353.0
uc002ziz.3	344.0	149.0	585.0
uc002zja.3	367.0	656.0	651.0
uc002zjc.3	866.0	1384.0	651.0
uc002zjf.3	866.0	1133.0	969.0
uc010gqj.2	NA	NA	NA
uc002zjg.1	NA	NA	NA
uc002zly.4	5874.0	133.0	2601.0
uc031rwe.1	373.0	133.0	213.0
uc002zor.1	2583.0	1301.0	981.0
uc011agr.1	2583.0	248.0	1521.0
uc002zoq.1	2583.0	248.0	1653.0
uc021wkx.1	2583.0	248.0	1644.0
uc021wky.1	2583.0	248.0	1530.0
uc021wkz.1	2583.0	805.0	981.0
uc002zrv.3	296.0	201.0	1422.0
uc002zru.3	296.0	941.0	738.0
uc002zsi.4	2807.0	514.0	537.0
uc002zsh.4	1495.0	514.0	1935.0
uc002zsg.4	1495.0	399.0	1722.0
uc010gsm.4	1495.0	286.0	1935.0
uc010gsn.4	1495.0	823.0	1722.0
uc002zsl.2	554.0	157.0	1905.0
uc011ahr.2	554.0	420.0	1476.0
uc002ztn.3	1689.0	269.0	2400.0
uc002zto.3	1689.0	103.0	2523.0
uc011ahy.2	1689.0	103.0	2466.0
uc010gsr.1	310.0	67.0	1320.0
uc002zts.1	108.0	204.0	930.0
uc002ztr.1	108.0	30.0	930.0
uc003alm.4	1121.0	58.0	1230.0
uc011alr.1	1121.0	338.0	1128.0
uc003alk.2	1121.0	430.0	1128.0
uc003aqw.1	2022.0	505.0	780.0
uc003aqz.1	NA	NA	NA
uc003aqy.1	2022.0	263.0	837.0
uc003aqx.1	738.0	263.0	837.0
uc010gyi.1	514.0	369.0	1581.0
uc003azo.3	1020.0	54.0	2118.0
uc003azn.3	NA	NA	NA
uc003bai.2	3484.0	374.0	528.0
uc003bag.2	3484.0	374.0	615.0
uc003baf.3	3484.0	65.0	615.0
uc003baj.2	1383.0	65.0	366.0
uc021wqo.1	769.0	177.0	1062.0
uc021wqp.1	769.0	120.0	1062.0
uc010gzd.3	769.0	303.0	1062.0
uc003bdb.3	769.0	261.0	1062.0
uc021wqq.1	0.0	0.0	1062.0
uc021wqr.1	NA	NA	NA
uc003beu.1	4267.0	337.0	720.0
uc021wrd.1	0.0	0.0	720.0
uc003bgo.2	2488.0	374.0	1050.0
uc010haa.2	2488.0	127.0	1062.0
uc003bhw.1	2344.0	0.0	9045.0
uc011arc.1	272.0	114.0	3396.0
uc010har.1	47.0	512.0	5436.0
uc010has.1	NA	NA	NA
uc003bkb.1	47.0	512.0	5460.0
uc003bka.1	47.0	255.0	2670.0
uc010hat.1	0.0	425.0	672.0
uc003bkd.1	1150.0	245.0	336.0
uc010hau.1	528.0	512.0	954.0
uc003bkr.3	1235.0	58.0	1095.0
uc010hay.1	NA	NA	NA
uc010haz.2	429.0	527.0	642.0
uc011art.1	907.0	58.0	429.0
uc003crn.3	362.0	522.0	1206.0
uc003cro.4	362.0	176.0	1620.0
uc003crp.4	362.0	176.0	1701.0
uc021wxh.1	472.0	176.0	1434.0
uc021wxi.1	362.0	668.0	1206.0
uc011bbb.2	362.0	668.0	1287.0
uc003cuf.1	0.0	0.0	12561.0
uc010hkf.3	1742.0	218.0	1809.0
uc010hkg.3	1742.0	315.0	3888.0
uc003cul.3	1742.0	281.0	9939.0
uc003cvj.2	665.0	138.0	3456.0
uc010hkn.2	665.0	520.0	3288.0
uc011bby.1	665.0	138.0	1800.0
uc011bbx.1	766.0	138.0	1203.0
uc011bbz.1	665.0	105.0	3213.0
uc003cwg.4	270.0	138.0	1404.0
uc021wxs.1	0.0	0.0	1404.0
uc021wxz.1	2419.0	469.0	2688.0
uc021wyb.1	2419.0	311.0	2688.0
uc021wyd.1	2419.0	259.0	2688.0
uc021wyc.1	2419.0	558.0	2688.0
uc021wye.1	2419.0	722.0	2688.0
uc021wya.1	2419.0	779.0	2688.0
uc003cxc.4	2419.0	418.0	2688.0
uc021wyk.1	2419.0	538.0	2688.0
uc021wyj.1	2419.0	475.0	2688.0
uc021wyi.1	2419.0	470.0	2688.0
uc021wyh.1	2419.0	565.0	2688.0
uc021wyg.1	2419.0	569.0	2688.0
uc021wyf.1	2419.0	700.0	2688.0
uc003czq.4	594.0	160.0	1218.0
uc003czs.3	594.0	427.0	1308.0
uc003czn.4	594.0	253.0	291.0
uc003czr.4	594.0	645.0	1308.0
uc003czo.4	594.0	162.0	531.0
uc003czp.4	594.0	160.0	1308.0
uc003czm.4	594.0	349.0	762.0
uc003czt.4	1074.0	160.0	1011.0
uc003czx.3	339.0	2293.0	1422.0
uc003czw.3	339.0	652.0	1422.0
uc003czv.3	339.0	244.0	1422.0
uc010hlj.2	313.0	244.0	1065.0
uc003dan.1	594.0	445.0	1056.0
uc003ejg.3	3375.0	0.0	5691.0
uc003ejh.3	3375.0	1258.0	1626.0
uc003ejq.3	330.0	61.0	1818.0
uc003ekb.3	2021.0	184.0	1431.0
uc003ekc.3	2021.0	250.0	1272.0
uc003ekd.3	2021.0	152.0	1071.0
uc003ekg.3	2021.0	512.0	513.0
uc003emx.2	1099.0	100.0	5778.0
uc011blb.1	1099.0	23.0	1785.0
uc003emw.2	1099.0	357.0	246.0
uc003fmc.2	1480.0	58.0	600.0
uc010hxx.3	450.0	271.0	4821.0
uc010hxw.2	0.0	486.0	2469.0
uc003fnt.3	450.0	807.0	3933.0
uc010hxy.3	450.0	214.0	4821.0
uc003fnp.3	450.0	271.0	4800.0
uc003fnq.3	450.0	294.0	4539.0
uc003fnr.3	450.0	348.0	4308.0
uc003fns.3	450.0	451.0	4680.0
uc003fno.2	0.0	271.0	2784.0
uc010hxz.2	0.0	496.0	369.0
uc003fnv.4	450.0	416.0	4803.0
uc003fnw.3	450.0	389.0	4821.0
uc003fnx.3	450.0	368.0	4215.0
uc003fpj.2	1936.0	96.0	795.0
uc003fpl.2	4456.0	96.0	369.0
uc003fuk.3	1431.0	3.0	564.0
uc003ful.3	1431.0	462.0	573.0
uc003fum.4	1431.0	108.0	1182.0
uc011bsw.1	2.0	19.0	345.0
uc003geq.2	4962.0	0.0	909.0
uc003giy.3	797.0	166.0	2673.0
uc003gix.3	797.0	170.0	2673.0
uc003giz.3	797.0	731.0	2127.0
uc011clx.1	160.0	112.0	2478.0
uc003jbe.2	160.0	112.0	2505.0
uc011clz.1	NA	NA	NA
uc003jbf.3	398.0	72.0	1944.0
uc011cop.3	NA	NA	NA
uc003jjs.4	3117.0	103.0	1380.0
uc011coo.3	131.0	103.0	786.0
uc003kev.1	467.0	247.0	705.0
uc021yar.1	0.0	0.0	705.0
uc010jea.3	1045.0	393.0	945.0
uc003lgr.4	1314.0	114.0	1152.0
uc011czl.1	431.0	103.0	474.0
uc011dcj.2	4879.0	589.0	2478.0
uc003lsk.4	4879.0	502.0	2649.0
uc003lsl.3	311.0	387.0	1671.0
uc003meo.1	1006.0	175.0	3027.0
uc021yif.1	0.0	0.0	3027.0
uc003mew.3	1526.0	229.0	792.0
uc003meu.3	1360.0	229.0	990.0
uc003met.3	1360.0	229.0	999.0
uc003mes.3	2094.0	229.0	567.0
uc003mhu.3	394.0	89.0	2469.0
uc003mhw.3	NA	NA	NA
uc003mhv.3	394.0	1141.0	1347.0
uc003mht.3	394.0	594.0	1347.0
uc021yiw.1	394.0	286.0	1347.0
uc003mhr.3	394.0	495.0	981.0
uc003mik.1	4105.0	247.0	1635.0
uc011dgt.1	544.0	44.0	690.0
uc011dgu.1	544.0	44.0	525.0
uc003mky.2	544.0	133.0	681.0
uc003mlc.3	125.0	44.0	867.0
uc003mla.3	125.0	44.0	1032.0
uc003mlb.3	125.0	357.0	630.0
uc003mli.3	1377.0	35.0	3702.0
uc003mlj.3	1377.0	35.0	3699.0
uc003mlh.3	1377.0	35.0	3753.0
uc011dgv.2	1377.0	660.0	1230.0
uc003mlg.3	1377.0	143.0	1230.0
uc003mlf.3	1377.0	848.0	975.0
uc011dgw.1	100.0	388.0	765.0
uc003mlk.1	1415.0	42.0	561.0
uc003mtm.3	738.0	114.0	1335.0
uc021ylz.1	1681.0	184.0	441.0
uc003nbh.3	1681.0	178.0	615.0
uc003nbi.3	1681.0	178.0	618.0
uc003nvc.4	191.0	286.0	6474.0
uc011dnv.1	NA	NA	NA
uc003nvb.4	191.0	249.0	6474.0
uc011doj.1	0.0	214.0	1116.0
uc003nxi.1	258.0	214.0	1431.0
uc003nxk.2	378.0	216.0	1926.0
uc003nzr.3	24.0	270.0	1050.0
uc021yvh.1	0.0	0.0	1050.0
uc011duf.1	696.0	248.0	1155.0
uc003ord.2	NA	NA	NA
uc011duf.1	696.0	248.0	1155.0
uc003ord.2	NA	NA	NA
uc003orl.3	340.0	336.0	1314.0
uc003osl.3	537.0	73.0	1041.0
uc003oxe.1	1053.0	25.0	1503.0
uc010jza.1	1821.0	3.0	2958.0
uc003pjn.4	1192.0	936.0	1263.0
uc003pjo.3	1192.0	425.0	1263.0
uc021zcc.1	0.0	0.0	1263.0
uc011eej.1	1169.0	23.0	360.0
uc003qns.3	22.0	81.0	735.0
uc011eek.1	1.0	81.0	480.0
uc003qqs.3	823.0	497.0	1422.0
uc003qqt.3	823.0	497.0	1467.0
uc010kjm.1	190.0	70.0	423.0
uc010kjn.3	823.0	405.0	432.0
uc003qwy.3	376.0	520.0	2193.0
uc003qwx.3	384.0	520.0	2688.0
uc003qwv.2	NA	NA	NA
uc003qwz.1	612.0	103.0	621.0
uc011egw.1	NA	NA	NA
uc010kkx.3	2713.0	520.0	339.0
uc011eoa.1	0.0	214.0	1116.0
uc011eob.1	258.0	214.0	1431.0
uc011eod.1	372.0	216.0	1926.0
uc021zjh.1	8.0	214.0	1431.0
uc011ffb.1	NA	NA	NA
uc011ffc.2	191.0	249.0	6474.0
uc011ffd.2	191.0	286.0	6474.0
uc011fhv.1	0.0	214.0	1116.0
uc011fhw.1	258.0	214.0	1431.0
uc011fhy.1	381.0	216.0	1926.0
uc021zlk.1	8.0	214.0	1431.0
uc011fkt.2	24.0	270.0	1050.0
uc011gcy.1	NA	NA	NA
uc011gcz.2	191.0	249.0	6474.0
uc011gda.2	191.0	286.0	6474.0
uc011gfs.1	0.0	214.0	1116.0
uc011gft.1	258.0	214.0	1431.0
uc011gfv.2	378.0	216.0	1926.0
uc021znr.1	8.0	214.0	1431.0
uc011giy.2	24.0	270.0	1050.0
uc011gze.1	NA	NA	NA
uc011gzf.2	191.0	249.0	6474.0
uc011gzg.2	191.0	286.0	6474.0
uc011hrx.1	NA	NA	NA
uc011hry.2	191.0	249.0	6474.0
uc011hrz.2	191.0	286.0	6474.0
uc011hxf.2	24.0	270.0	1050.0
uc011iph.1	NA	NA	NA
uc011ipi.2	191.0	249.0	6474.0
uc011ipj.2	191.0	286.0	6474.0
uc011irv.1	0.0	214.0	1116.0
uc011irw.1	258.0	214.0	1431.0
uc011iry.1	382.0	216.0	1926.0
uc021zuj.1	8.0	214.0	1431.0
uc011jku.1	NA	NA	NA
uc011jkv.2	191.0	249.0	6474.0
uc011jkw.2	191.0	286.0	6474.0
uc003sip.3	794.0	231.0	1755.0
uc011jvn.2	794.0	653.0	759.0
uc021zyu.1	697.0	177.0	1245.0
uc003smd.3	697.0	191.0	1245.0
uc003smc.3	697.0	163.0	1245.0
uc021zyv.1	0.0	0.0	1245.0
uc003son.4	5978.0	94.0	2157.0
uc003soo.2	629.0	94.0	2406.0
uc003sqd.4	721.0	280.0	1896.0
uc011jwv.2	NA	NA	NA
uc003sqc.3	721.0	459.0	1176.0
uc003sqb.3	721.0	430.0	1176.0
uc011jwu.2	721.0	170.0	1632.0
uc003sqa.3	721.0	170.0	2019.0
uc011jwt.2	721.0	54.0	1461.0
uc003spz.3	721.0	768.0	1110.0
uc003spy.3	721.0	1014.0	657.0
uc011jww.1	NA	NA	NA
uc010kye.3	NA	NA	NA
uc003tkz.3	3645.0	186.0	1086.0
uc003tmn.3	NA	NA	NA
uc003tmo.3	413.0	146.0	1335.0
uc003tmp.3	413.0	146.0	1161.0
uc003tmr.3	413.0	146.0	1062.0
uc011kcb.2	643.0	71.0	783.0
uc003tms.3	413.0	71.0	1398.0
uc011kcc.2	604.0	71.0	546.0
uc003tyi.3	1560.0	606.0	849.0
uc011key.2	1560.0	454.0	957.0
uc011kex.2	1560.0	25.0	1236.0
uc010lbg.3	1560.0	477.0	1059.0
uc003tyh.3	1560.0	134.0	1344.0
uc003tys.1	1825.0	28.0	681.0
uc003uan.3	2095.0	327.0	3036.0
uc003uam.3	2095.0	327.0	3141.0
uc003uao.3	71.0	333.0	768.0
uc003uqp.3	125.0	219.0	189.0
uc003uqq.1	106.0	219.0	1278.0
uc010lfw.1	106.0	748.0	993.0
uc003uqr.1	106.0	430.0	1104.0
uc011kks.2	9769.0	247.0	534.0
uc010lhz.2	9769.0	254.0	765.0
uc031syr.1	9769.0	277.0	765.0
uc003uzk.3	9769.0	249.0	765.0
uc003uzj.3	9769.0	145.0	765.0
uc003uzm.3	1174.0	166.0	690.0
uc003uzl.3	1174.0	38.0	909.0
uc010lli.3	958.0	148.0	192.0
uc003vne.4	958.0	262.0	192.0
uc022alc.1	0.0	0.0	192.0
uc003whd.2	1099.0	417.0	1671.0
uc010lpq.1	1099.0	489.0	1704.0
uc010lpr.1	1099.0	193.0	1875.0
uc003whc.2	1099.0	166.0	1704.0
uc003whe.2	1099.0	73.0	1704.0
uc022apt.1	0.0	368.0	468.0
uc003wjq.1	138.0	276.0	2295.0
uc003wjr.1	138.0	1513.0	2319.0
uc003xaq.1	428.0	643.0	972.0
uc003xar.1	1458.0	94.0	729.0
uc003xbk.4	1650.0	694.0	993.0
uc003xbj.4	1650.0	572.0	993.0
uc011kzl.2	843.0	120.0	1074.0
uc003xce.3	843.0	120.0	1098.0
uc003xcf.3	931.0	120.0	903.0
uc010ltw.3	988.0	156.0	600.0
uc003xcl.3	988.0	97.0	762.0
uc003xda.3	237.0	106.0	1407.0
uc003xgb.1	169.0	141.0	1401.0
uc003xga.1	1669.0	141.0	1821.0
uc003xqh.1	397.0	44.0	810.0
uc003ywp.3	6895.0	514.0	1707.0
uc003ywo.3	1393.0	514.0	1671.0
uc022bcb.1	NA	NA	NA
uc003yyx.2	483.0	0.0	1929.0
uc003yze.4	855.0	315.0	1116.0
uc010mfh.3	855.0	241.0	1116.0
uc010mfi.3	855.0	143.0	1116.0
uc003yzf.4	855.0	955.0	1116.0
uc003yzh.4	855.0	1312.0	897.0
uc011lkq.1	NA	NA	NA
uc003yzk.3	1980.0	69.0	3540.0
uc022bch.1	0.0	318.0	612.0
uc003zaa.1	247.0	13.0	7263.0
uc003zaj.2	1024.0	49.0	13725.0
uc003zab.1	1024.0	129.0	13644.0
uc003zac.1	1024.0	9.0	13656.0
uc003zad.2	1024.0	52.0	13644.0
uc003zae.1	1024.0	74.0	13548.0
uc003zaf.1	1024.0	170.0	14055.0
uc003zag.1	1024.0	149.0	13578.0
uc003zah.2	1024.0	57.0	13602.0
uc003zau.3	47.0	110.0	738.0
uc003zcv.2	447.0	195.0	1089.0
uc003zcy.2	310.0	273.0	579.0
uc003zcx.2	310.0	587.0	579.0
uc003zcw.2	310.0	309.0	579.0
uc003zdk.3	3697.0	188.0	1482.0
uc003zdl.3	3697.0	255.0	1482.0
uc003zel.1	NA	NA	NA
uc003zeo.4	498.0	330.0	675.0
uc003zen.3	498.0	286.0	675.0
uc003zem.3	498.0	131.0	675.0
uc010mgf.2	116.0	1263.0	675.0
uc022bcr.1	0.0	0.0	675.0
uc003znj.3	422.0	286.0	942.0
uc003zpx.3	1294.0	537.0	639.0
uc003zsy.3	1311.0	375.0	603.0
uc003zsz.3	1311.0	101.0	3441.0
uc003zta.3	1311.0	101.0	2100.0
uc010mjv.3	1311.0	101.0	3432.0
uc011lob.2	1311.0	101.0	3285.0
uc003ztb.1	21.0	101.0	3072.0
uc004ari.1	281.0	597.0	2115.0
uc004arj.2	1066.0	199.0	2832.0
uc004ark.3	147.0	199.0	1299.0
uc010mty.3	1290.0	699.0	4494.0
uc010mtz.3	1290.0	337.0	10716.0
uc010mua.1	1055.0	337.0	4650.0
uc004beu.2	313.0	337.0	2607.0
uc004bev.3	1264.0	283.0	672.0
uc011lxb.2	392.0	117.0	408.0
uc004bgq.3	1225.0	117.0	432.0
uc004bhi.1	181.0	784.0	756.0
uc004bhk.3	181.0	515.0	756.0
uc022bme.1	0.0	0.0	756.0
uc004boz.1	NA	NA	NA
uc004bpa.4	477.0	86.0	462.0
uc004bse.2	1230.0	123.0	1119.0
uc004buq.1	433.0	10.0	996.0
uc004bwr.3	157.0	430.0	1617.0
uc010myt.1	1286.0	209.0	1215.0
uc011mbt.2	3186.0	225.0	1029.0
uc004byg.2	3749.0	170.0	594.0
uc010myx.2	3186.0	170.0	1179.0
uc004byf.2	3186.0	170.0	1266.0
uc004bye.1	3186.0	916.0	1041.0
uc004byl.3	1030.0	77.0	999.0
uc004byn.3	1055.0	77.0	594.0
uc004byr.3	1565.0	211.0	2745.0
uc004bys.3	1388.0	211.0	2745.0
uc004byt.2	1388.0	309.0	2745.0
uc004cfa.1	4411.0	273.0	531.0
uc004cfb.2	3971.0	162.0	1389.0
uc004cfc.1	3971.0	923.0	1098.0
uc004cfd.1	4727.0	77.0	861.0
uc004cgx.5	1900.0	525.0	420.0
uc031tfs.1	1900.0	484.0	420.0
uc004cgy.2	NA	NA	NA
uc031tft.1	0.0	0.0	420.0
uc004chz.3	1627.0	0.0	7668.0
uc004cia.1	482.0	117.0	3120.0
uc011men.2	2532.0	116.0	1185.0
uc010ncb.3	1809.0	32.0	1524.0
uc004cla.4	1809.0	236.0	1155.0
uc004clc.3	1.0	501.0	1527.0
uc011mep.3	1221.0	73.0	2196.0
uc011meo.2	596.0	501.0	1803.0
uc004cld.3	596.0	73.0	2100.0
uc010ncc.3	NA	NA	NA
uc004clf.1	596.0	2231.0	1119.0
uc004clv.3	921.0	224.0	411.0
uc004clx.3	2945.0	111.0	1821.0
uc004cly.3	3049.0	111.0	1566.0
uc011mes.2	2945.0	111.0	1773.0
uc004clw.3	2945.0	111.0	1794.0
uc004cmn.3	2680.0	117.0	1272.0
uc022bqh.1	0.0	0.0	1272.0
uc004cyv.4	1187.0	430.0	3708.0
uc010nfe.1	0.0	44.0	633.0
uc010nff.1	NA	NA	NA
uc010nfg.1	NA	NA	NA
uc010nfi.1	0.0	96.0	591.0
uc010nfh.1	NA	NA	NA
uc011mlz.1	1634.0	608.0	1305.0
uc004dkb.1	1634.0	718.0	1305.0
uc011mly.1	1634.0	356.0	1893.0
uc004dka.1	1634.0	111.0	2067.0
uc011mma.1	1634.0	745.0	1305.0
uc004dkc.1	1634.0	851.0	1305.0
uc011mmb.1	1634.0	86.0	2079.0
uc011mmc.1	1634.0	705.0	1305.0
uc011mmd.1	1634.0	732.0	1305.0
uc004esb.3	50.0	215.0	1032.0
uc004fbj.3	835.0	104.0	441.0
uc004fel.3	2698.0	228.0	789.0
uc004feo.3	NA	NA	NA
uc011myb.2	2698.0	228.0	570.0
uc004fen.3	2698.0	228.0	573.0
uc004fem.3	2698.0	228.0	642.0
uc004fek.3	2698.0	228.0	819.0
uc004flo.3	1822.0	9.0	474.0
