Name	3UTR	5UTR	CDS
uc001abv.1	1.0	60.0	429.0
uc001abw.1	428.0	80.0	2046.0
uc031pkd.1	NA	NA	NA
uc031pjo.1	NA	NA	NA
uc031pkn.1	NA	NA	NA
uc031pkm.1	428.0	20.0	1806.0
uc001abx.2	428.0	20.0	1998.0
uc031pkl.1	NA	NA	NA
uc031pkk.1	NA	NA	NA
uc031pkj.1	255.0	20.0	1191.0
uc031pki.1	255.0	20.0	1188.0
uc031pkh.1	428.0	20.0	1671.0
uc031pkg.1	428.0	20.0	1722.0
uc031pkf.1	NA	NA	NA
uc031pke.1	428.0	453.0	1491.0
uc031pjp.1	428.0	20.0	1719.0
uc031pkc.1	428.0	20.0	1968.0
uc031pkb.1	428.0	150.0	1356.0
uc031pka.1	428.0	450.0	1164.0
uc031pjz.1	NA	NA	NA
uc031pjy.1	428.0	612.0	1443.0
uc031pjx.1	428.0	20.0	2001.0
uc031pjw.1	NA	NA	NA
uc031pjv.1	428.0	660.0	1491.0
uc031pjq.1	428.0	450.0	1443.0
uc031pjr.1	428.0	701.0	1029.0
uc031pjs.1	255.0	20.0	2046.0
uc031pju.1	428.0	20.0	2049.0
uc031pjt.1	428.0	20.0	1860.0
uc031pjl.1	0.0	20.0	2100.0
uc031pjm.1	0.0	20.0	2064.0
uc031pjn.1	1.0	402.0	558.0
uc031pko.1	0.0	35.0	1590.0
uc031pkp.1	428.0	195.0	1029.0
uc001acs.2	NA	NA	NA
uc010nyd.1	NA	NA	NA
uc001acn.2	1075.0	631.0	1035.0
uc001acr.2	NA	NA	NA
uc001act.2	1075.0	486.0	1143.0
uc001acu.2	1075.0	432.0	597.0
uc001adk.3	1772.0	30.0	990.0
uc001aeo.3	1133.0	415.0	645.0
uc001afm.3	1312.0	22.0	414.0
uc009vkd.3	1455.0	20.0	267.0
uc001amk.3	3887.0	73.0	855.0
uc001aml.3	3887.0	468.0	567.0
uc001anz.1	4646.0	52.0	1620.0
uc001aoa.3	2641.0	52.0	1794.0
uc009vme.3	2641.0	142.0	693.0
uc001aob.4	2396.0	371.0	903.0
uc001aoc.3	505.0	159.0	720.0
uc001aod.3	505.0	69.0	717.0
uc001aoe.2	1498.0	69.0	528.0
uc001apt.3	6466.0	273.0	2376.0
uc001atc.2	4950.0	229.0	1971.0
uc001atb.1	4950.0	198.0	2040.0
uc031plg.1	4950.0	240.0	1236.0
uc001atd.1	NA	NA	NA
uc009vnd.1	NA	NA	NA
uc010obo.2	835.0	227.0	3060.0
uc001ayg.3	606.0	216.0	2154.0
uc001ayf.3	606.0	575.0	1875.0
uc001ayh.3	2447.0	17.0	513.0
uc001ayo.3	1199.0	90.0	792.0
uc001ayq.3	1093.0	90.0	822.0
uc010ocd.2	1199.0	90.0	714.0
uc021ogo.1	NA	NA	NA
uc021ohq.1	NA	NA	NA
uc001bcb.3	657.0	412.0	543.0
uc001bbz.3	657.0	305.0	681.0
uc001bca.3	657.0	722.0	876.0
uc001bby.3	657.0	352.0	876.0
uc001bcn.3	827.0	242.0	1905.0
uc001bco.1	387.0	271.0	1743.0
uc001bcp.1	387.0	271.0	1623.0
uc009vpn.1	420.0	350.0	945.0
uc001bcq.1	1.0	168.0	876.0
uc001bdi.4	1242.0	157.0	1059.0
uc001bfm.4	NA	NA	NA
uc001bfn.4	NA	NA	NA
uc009vsp.2	522.0	460.0	1011.0
uc001bne.3	522.0	29.0	1578.0
uc009vsy.3	715.0	969.0	4812.0
uc009vsz.1	43.0	638.0	4812.0
uc021ojw.1	0.0	0.0	4812.0
uc001boh.1	2.0	1147.0	864.0
uc001brb.3	830.0	142.0	1692.0
uc001bra.3	830.0	142.0	1722.0
uc001bqz.3	830.0	139.0	1692.0
uc001bsd.2	3745.0	1493.0	1155.0
uc001bse.2	3745.0	47.0	1329.0
uc009vua.2	605.0	47.0	1641.0
uc010ogz.1	605.0	558.0	1101.0
uc001bum.2	605.0	47.0	1401.0
uc001buo.3	NA	NA	NA
uc001bup.3	NA	NA	NA
uc009vub.1	1371.0	3.0	543.0
uc010oha.2	NA	NA	NA
uc001buq.4	656.0	3.0	423.0
uc001bvk.3	NA	NA	NA
uc001bvm.3	328.0	485.0	1023.0
uc001bvn.3	5522.0	485.0	1326.0
uc009vut.3	595.0	201.0	3204.0
uc001byo.3	595.0	1344.0	2349.0
uc010ohu.2	595.0	146.0	3372.0
uc001byn.3	595.0	194.0	3429.0
uc001bym.3	595.0	146.0	3429.0
uc009vus.1	NA	NA	NA
uc001byl.1	3436.0	146.0	516.0
uc001cao.1	328.0	150.0	372.0
uc021olj.1	0.0	0.0	372.0
uc010oid.3	NA	NA	NA
uc001cbi.4	3299.0	115.0	1191.0
uc010oim.2	1356.0	177.0	1098.0
uc001ccq.3	1356.0	177.0	1200.0
uc001ccr.3	1356.0	985.0	966.0
uc001cne.3	410.0	276.0	1116.0
uc001cqf.4	1940.0	231.0	651.0
uc001cqe.4	1940.0	57.0	807.0
uc001csf.3	367.0	1975.0	507.0
uc001csg.3	367.0	399.0	507.0
uc001cuk.2	1618.0	373.0	2280.0
uc001cul.2	1618.0	647.0	1254.0
uc001cvb.4	602.0	515.0	1977.0
uc001cwy.4	2265.0	615.0	504.0
uc001cwx.5	2265.0	774.0	504.0
uc009vzo.3	2265.0	320.0	948.0
uc001cww.3	2265.0	636.0	618.0
uc001cxy.3	836.0	122.0	1428.0
uc021ont.1	0.0	0.0	1428.0
uc001dnm.3	785.0	425.0	2577.0
uc001dnn.3	785.0	412.0	2577.0
uc021opq.1	0.0	0.0	2577.0
uc001dqa.4	455.0	252.0	2478.0
uc001dqb.4	455.0	289.0	2478.0
uc001dpx.5	455.0	234.0	1506.0
uc001dpy.4	455.0	215.0	2205.0
uc001dpz.4	455.0	275.0	2478.0
uc009wdm.1	209.0	234.0	1131.0
uc001dzm.1	327.0	83.0	2910.0
uc001dzl.1	414.0	83.0	2934.0
uc021orn.1	408.0	83.0	2874.0
uc001ebs.3	678.0	357.0	2475.0
uc010owf.2	678.0	902.0	1761.0
uc001ebt.3	678.0	2358.0	1299.0
uc001eeg.3	1895.0	294.0	1599.0
uc001eei.3	1895.0	506.0	1221.0
uc001eeh.3	1915.0	506.0	894.0
uc009wgy.1	6845.0	271.0	1569.0
uc001efv.1	6845.0	271.0	1575.0
uc021ose.1	6845.0	215.0	1575.0
uc001egz.2	1250.0	588.0	1743.0
uc009whe.2	1250.0	588.0	1689.0
uc001elo.3	433.0	324.0	933.0
uc001elw.4	1034.0	302.0	7041.0
uc021ouh.1	930.0	302.0	7089.0
uc001elx.4	1034.0	383.0	6723.0
uc001elv.4	1034.0	207.0	4062.0
uc001ema.3	1423.0	173.0	525.0
uc001emb.1	1623.0	324.0	3399.0
uc001emc.2	1623.0	302.0	2910.0
uc001emd.2	1847.0	302.0	2967.0
uc001eme.1	127.0	432.0	948.0
uc021oui.1	436.0	88.0	531.0
uc001emg.2	436.0	302.0	522.0
uc021ouj.1	436.0	95.0	426.0
uc001emh.3	436.0	324.0	933.0
uc001emk.4	118.0	324.0	330.0
uc001etf.3	322.0	121.0	414.0
uc021oya.1	0.0	0.0	414.0
uc001evj.2	2096.0	217.0	858.0
uc010pci.1	2096.0	217.0	726.0
uc001evw.4	159.0	136.0	1194.0
uc009wmf.2	2.0	190.0	2214.0
uc001evu.2	380.0	190.0	3876.0
uc001evv.2	380.0	190.0	3873.0
uc009wmg.2	1.0	75.0	3774.0
uc001exp.1	0.0	452.0	2142.0
uc009wmo.3	696.0	967.0	3714.0
uc001exq.3	696.0	98.0	3714.0
uc009wmp.3	1159.0	17.0	3312.0
uc001eyf.2	2078.0	315.0	4101.0
uc010pdd.2	2078.0	619.0	2706.0
uc009wmv.2	2078.0	315.0	3948.0
uc021oyq.1	2078.0	1.0	4074.0
uc001eyd.2	2078.0	315.0	4233.0
uc010pdb.2	2078.0	315.0	4206.0
uc010pdc.2	2078.0	315.0	4047.0
uc001eyg.2	1606.0	315.0	1092.0
uc001fff.1	1863.0	91.0	1269.0
uc001fgf.2	74.0	401.0	1764.0
uc001fgg.2	321.0	248.0	1341.0
uc001fge.2	74.0	248.0	1473.0
uc001fgd.2	942.0	401.0	1371.0
uc001fgc.3	98.0	893.0	885.0
uc021paj.1	0.0	0.0	885.0
uc001fgh.1	221.0	477.0	513.0
uc031ppr.1	1840.0	320.0	1620.0
uc001fgk.4	1840.0	164.0	1620.0
uc009wpa.3	1840.0	243.0	1620.0
uc010peq.3	1840.0	458.0	1722.0
uc001fgj.4	1840.0	285.0	1722.0
uc001fgl.4	1840.0	213.0	1620.0
uc010pkl.1	1418.0	229.0	825.0
uc010pkk.1	NA	NA	NA
uc009wue.3	1522.0	320.0	573.0
uc009wuf.2	NA	NA	NA
uc001fzd.3	1522.0	229.0	927.0
uc001fze.3	1522.0	186.0	927.0
uc001gfb.4	5989.0	580.0	1194.0
uc001gfc.4	5989.0	635.0	1590.0
uc010pll.3	5989.0	311.0	1356.0
uc010plm.3	5989.0	152.0	1248.0
uc009wvo.4	5989.0	177.0	1641.0
uc010pln.3	5989.0	618.0	1650.0
uc001gfd.4	5989.0	641.0	1590.0
uc001gfe.1	98.0	59.0	1224.0
uc010pml.2	960.0	158.0	2097.0
uc001gib.3	960.0	347.0	1632.0
uc001gia.3	960.0	280.0	1842.0
uc001ghz.3	960.0	347.0	2100.0
uc001gii.1	NA	NA	NA
uc001gio.3	272.0	311.0	894.0
uc001gin.3	272.0	334.0	894.0
uc021pey.1	0.0	0.0	894.0
uc001got.4	957.0	401.0	984.0
uc001gxg.4	1864.0	3192.0	1116.0
uc001gxi.4	1864.0	267.0	1116.0
uc001gxh.4	1864.0	153.0	1116.0
uc001ham.3	1609.0	595.0	1869.0
uc001hal.3	2092.0	595.0	822.0
uc010pqp.2	1609.0	1.0	1866.0
uc010pqq.2	1609.0	266.0	1470.0
uc009xbf.1	676.0	479.0	2142.0
uc001hbf.1	676.0	376.0	2142.0
uc001hbe.1	676.0	504.0	2142.0
uc021phy.1	0.0	0.0	2142.0
uc001hbx.3	5055.0	64.0	2655.0
uc001hbw.3	5055.0	64.0	2790.0
uc001hby.1	56.0	448.0	540.0
uc021pia.1	1219.0	655.0	2130.0
uc010prf.2	1219.0	225.0	1896.0
uc001hca.3	1219.0	23.0	1455.0
uc001hcb.2	1219.0	189.0	1410.0
uc001hcc.2	1219.0	526.0	993.0
uc001hcd.3	1998.0	457.0	1209.0
uc031prv.1	1997.0	126.0	297.0
uc001hce.3	1387.0	127.0	1887.0
uc009xbj.1	615.0	32.0	210.0
uc001hek.3	NA	NA	NA
uc001hei.3	232.0	322.0	1707.0
uc001hej.3	232.0	168.0	1767.0
uc001hhp.1	508.0	243.0	810.0
uc021pio.1	0.0	0.0	810.0
uc001hoj.3	962.0	129.0	972.0
uc010pvo.2	2981.0	340.0	2841.0
uc001hqh.3	719.0	340.0	1935.0
uc001hra.2	558.0	342.0	669.0
uc001hre.3	1089.0	598.0	615.0
uc001hrd.3	1089.0	414.0	1341.0
uc001hrf.2	558.0	414.0	1395.0
uc001huq.3	2832.0	87.0	2178.0
uc009xfw.3	2868.0	203.0	594.0
uc001hwf.3	2868.0	31.0	1716.0
uc001hwg.3	2868.0	31.0	1764.0
uc009xgv.3	199.0	37.0	1872.0
uc001ico.3	199.0	465.0	1764.0
uc001icq.1	1550.0	24.0	363.0
uc010pyv.1	7.0	37.0	795.0
uc001iex.3	882.0	695.0	1359.0
uc021pme.1	0.0	0.0	1359.0
uc001ifh.3	783.0	147.0	1779.0
uc009xhd.3	783.0	277.0	1770.0
uc001ifg.3	783.0	223.0	1026.0
uc021pmh.1	0.0	0.0	1026.0
uc001iig.2	1846.0	44.0	837.0
uc001iii.2	NA	NA	NA
uc009xic.2	1846.0	44.0	837.0
uc001iih.2	NA	NA	NA
uc009xii.3	NA	NA	NA
uc001ijd.3	2602.0	118.0	1503.0
uc010qaw.2	2602.0	63.0	1605.0
uc001ije.3	2602.0	384.0	1563.0
uc001ijf.3	2643.0	384.0	1545.0
uc001ijg.3	NA	NA	NA
uc009xij.3	NA	NA	NA
uc009xik.3	NA	NA	NA
uc009xil.3	NA	NA	NA
uc001iln.3	413.0	235.0	1074.0
uc001ilo.3	847.0	235.0	1158.0
uc001iqn.4	1108.0	470.0	411.0
uc001irr.2	1478.0	189.0	1446.0
uc001iuj.1	538.0	403.0	783.0
uc001ivb.4	3808.0	1372.0	2139.0
uc001iva.4	3808.0	63.0	1749.0
uc001ivc.2	561.0	63.0	567.0
uc009xlf.2	997.0	381.0	1404.0
uc001ivi.2	997.0	612.0	1404.0
uc001ivj.2	997.0	117.0	1404.0
uc001jvo.2	2017.0	130.0	1584.0
uc001jvs.2	2017.0	130.0	1620.0
uc001jvt.2	NA	NA	NA
uc001jvr.2	2017.0	130.0	1488.0
uc001jvq.2	2017.0	130.0	1515.0
uc001jvp.2	2017.0	130.0	1557.0
uc001jvm.2	2017.0	130.0	1671.0
uc009xrp.1	12.0	260.0	438.0
uc001jvv.2	230.0	130.0	1728.0
uc001jvx.1	37.0	30.0	261.0
uc001jvw.1	37.0	30.0	288.0
uc010qkv.2	480.0	374.0	603.0
uc001jzk.3	1649.0	70.0	5760.0
uc001jzj.3	1649.0	55.0	4005.0
uc001jzi.3	1649.0	363.0	2025.0
uc009xru.1	NA	NA	NA
uc001jzl.4	139.0	64.0	2841.0
uc009xtf.2	NA	NA	NA
uc001kev.3	1276.0	450.0	939.0
uc001keu.3	983.0	450.0	1464.0
uc021pvv.1	983.0	372.0	861.0
uc001kuj.3	236.0	108.0	2328.0
uc009ybe.3	780.0	29.0	1500.0
uc001lll.4	810.0	29.0	1773.0
uc010qvq.2	1668.0	461.0	774.0
uc010qvp.2	1668.0	34.0	1038.0
uc010qvo.2	1668.0	34.0	1254.0
uc010qvn.2	1668.0	34.0	957.0
uc010qvm.2	1668.0	34.0	1062.0
uc001lok.4	1668.0	34.0	1200.0
uc001loj.4	1668.0	314.0	774.0
uc009ybt.1	NA	NA	NA
uc010qwc.2	445.0	131.0	4947.0
uc010qwd.2	445.0	131.0	4944.0
uc001lqe.3	445.0	131.0	4950.0
uc010qwe.2	445.0	131.0	4938.0
uc009ybz.1	1.0	647.0	3633.0
uc009yca.2	NA	NA	NA
uc001lyy.1	388.0	113.0	1428.0
uc001mlr.3	112.0	0.0	1506.0
uc001mlq.3	NA	NA	NA
uc001mlp.3	112.0	636.0	1155.0
uc001mls.1	1.0	1357.0	834.0
uc010rcu.1	0.0	15.0	3816.0
uc001mmm.3	1427.0	44.0	675.0
uc010rcv.2	1427.0	28.0	2091.0
uc001mmn.3	1427.0	4.0	2493.0
uc001mmo.3	1427.0	15.0	3366.0
uc010rgt.2	1528.0	267.0	1818.0
uc009ylc.2	1038.0	120.0	3810.0
uc001ncw.3	1038.0	362.0	3540.0
uc001ncx.3	1038.0	362.0	3717.0
uc001ncv.3	1038.0	362.0	3906.0
uc010rgu.2	1038.0	360.0	3897.0
uc001ncu.2	1038.0	360.0	3627.0
uc001ncy.3	224.0	248.0	1050.0
uc001nkw.3	429.0	139.0	1278.0
uc010rjw.2	429.0	139.0	1086.0
uc009yml.3	429.0	130.0	1278.0
uc001nud.3	172.0	53.0	3060.0
uc001nui.4	1576.0	92.0	282.0
uc001nuz.3	1127.0	122.0	1725.0
uc001nve.2	308.0	20.0	609.0
uc021qkz.1	1597.0	410.0	654.0
uc001obu.1	1597.0	255.0	1605.0
uc001obv.1	1597.0	411.0	1605.0
uc010rnq.1	1597.0	47.0	1647.0
uc001ocm.3	101.0	389.0	1077.0
uc001odl.3	898.0	492.0	633.0
uc021qli.1	0.0	0.0	633.0
uc010rog.2	NA	NA	NA
uc001oey.2	461.0	0.0	6105.0
uc009yqn.3	456.0	245.0	528.0
uc001oez.2	461.0	11.0	2766.0
uc031qbm.1	3958.0	0.0	2637.0
uc001ogf.3	243.0	380.0	609.0
uc001ogi.3	647.0	29.0	882.0
uc009yqv.3	647.0	29.0	879.0
uc001ohr.3	677.0	145.0	1248.0
uc001ojq.1	2.0	189.0	1140.0
uc001ojr.3	280.0	340.0	1908.0
uc001onm.1	1648.0	256.0	2658.0
uc009ysf.2	1648.0	868.0	1938.0
uc009yse.1	1648.0	1363.0	1416.0
uc001onn.1	1648.0	840.0	2142.0
uc001ono.1	1255.0	256.0	1182.0
uc010rqa.1	1255.0	201.0	1113.0
uc001ooj.1	NA	NA	NA
uc001ook.1	870.0	102.0	2982.0
uc001ool.1	870.0	521.0	1854.0
uc001oom.1	1.0	1025.0	1344.0
uc001opm.2	929.0	297.0	627.0
uc021qnc.1	1.0	355.0	1203.0
uc001otu.3	1600.0	21.0	6192.0
uc001ovm.2	NA	NA	NA
uc009yub.3	2290.0	332.0	2379.0
uc001ovp.4	2290.0	889.0	1554.0
uc001ovq.4	2505.0	332.0	1797.0
uc001ovn.3	2290.0	203.0	1248.0
uc001ovo.3	2290.0	864.0	1203.0
uc001ovr.2	2867.0	1154.0	1050.0
uc001ovs.1	1159.0	972.0	864.0
uc001ovt.2	16.0	67.0	390.0
uc001owf.2	6041.0	224.0	1233.0
uc001owe.2	6041.0	224.0	1257.0
uc001oze.2	0.0	405.0	2157.0
uc021qny.1	898.0	356.0	3057.0
uc001ozc.3	898.0	445.0	1761.0
uc010rsp.2	898.0	458.0	1353.0
uc001ozd.3	898.0	1051.0	1890.0
uc001ozf.3	898.0	626.0	2250.0
uc010rtd.1	NA	NA	NA
uc010rtc.1	NA	NA	NA
uc001pas.2	6247.0	263.0	1065.0
uc001per.3	1102.0	385.0	1281.0
uc001peq.3	1097.0	385.0	1269.0
uc001pfy.2	1339.0	656.0	1575.0
uc009ywu.4	1339.0	247.0	1575.0
uc009yyi.3	866.0	615.0	1428.0
uc001pmc.4	866.0	325.0	1875.0
uc001ptr.2	1215.0	353.0	4134.0
uc001pts.3	1215.0	130.0	4134.0
uc010ryh.1	2.0	130.0	1101.0
uc001ptt.3	1215.0	130.0	3960.0
uc001ptu.2	NA	NA	NA
uc001ptv.2	1215.0	119.0	3546.0
uc001ptw.2	1215.0	72.0	2166.0
uc001ptx.2	1215.0	781.0	1209.0
uc009zai.2	1215.0	513.0	1209.0
uc010ryi.1	78.0	69.0	900.0
uc010ryj.1	509.0	65.0	543.0
uc001pvg.3	1088.0	73.0	432.0
uc010rzc.1	96.0	679.0	1824.0
uc001pvu.3	577.0	215.0	2928.0
uc001pvw.3	577.0	239.0	2928.0
uc001pvv.3	36.0	239.0	2766.0
uc001pvx.3	577.0	580.0	2928.0
uc001pwh.3	890.0	623.0	1302.0
uc001pzf.1	1708.0	204.0	1947.0
uc001pzc.1	1708.0	678.0	1275.0
uc001pzd.1	1708.0	400.0	1947.0
uc001pze.1	1708.0	348.0	1947.0
uc001qba.1	678.0	23.0	1680.0
uc010sap.1	678.0	607.0	840.0
uc001qaz.1	678.0	23.0	1524.0
uc001qay.1	678.0	1448.0	990.0
uc001qcy.2	300.0	98.0	1446.0
uc031qfe.1	300.0	298.0	822.0
uc010sbl.2	1324.0	107.0	555.0
uc001qde.3	1324.0	54.0	1134.0
uc009zbz.3	1324.0	54.0	1041.0
uc001qdo.1	1246.0	283.0	666.0
uc001qdn.1	1246.0	436.0	666.0
uc001qdm.1	952.0	452.0	666.0
uc009zcb.1	59.0	283.0	708.0
uc001qdl.1	59.0	452.0	708.0
uc001qiz.2	NA	NA	NA
uc001qjb.2	5703.0	241.0	3351.0
uc001qjc.2	5703.0	241.0	3267.0
uc001qja.2	NA	NA	NA
uc001qjd.2	NA	NA	NA
uc001qjf.2	5849.0	156.0	3261.0
uc010sdv.1	227.0	26.0	2175.0
uc009zdp.3	330.0	3.0	1491.0
uc001qje.2	NA	NA	NA
uc001qjh.3	755.0	99.0	1257.0
uc010sef.1	NA	NA	NA
uc009zec.1	155.0	627.0	510.0
uc001qlj.2	414.0	81.0	1506.0
uc010sei.1	1696.0	252.0	801.0
uc010seh.1	1696.0	81.0	1329.0
uc009zek.3	555.0	303.0	1239.0
uc001qnt.3	555.0	297.0	1044.0
uc010sez.2	555.0	473.0	1044.0
uc010sey.2	555.0	805.0	672.0
uc001qnu.3	555.0	303.0	1368.0
uc010sfa.2	648.0	303.0	657.0
uc010sfc.2	634.0	188.0	1251.0
uc001qny.2	634.0	326.0	1308.0
uc001qnz.2	634.0	326.0	1293.0
uc001qrl.3	256.0	156.0	792.0
uc001qrm.3	256.0	208.0	792.0
uc021que.2	402.0	268.0	435.0
uc009zft.3	2407.0	93.0	945.0
uc001qsn.3	1841.0	93.0	1464.0
uc001qso.2	217.0	93.0	564.0
uc021qvh.2	4457.0	176.0	207.0
uc001rub.3	400.0	863.0	1026.0
uc001rua.3	400.0	401.0	1026.0
uc009zlk.2	693.0	202.0	4005.0
uc001rvc.3	693.0	108.0	1617.0
uc001rvb.2	1222.0	756.0	2649.0
uc021qxx.1	2541.0	512.0	1632.0
uc001rxu.2	2541.0	419.0	1632.0
uc001sch.2	218.0	147.0	1674.0
uc001sci.2	218.0	195.0	1353.0
uc021qye.1	0.0	0.0	1353.0
uc001seq.3	662.0	96.0	783.0
uc001sfg.2	1738.0	147.0	813.0
uc009znf.2	1738.0	63.0	813.0
uc001sff.2	1738.0	150.0	813.0
uc001sfd.4	64.0	63.0	534.0
uc001sfc.4	64.0	424.0	534.0
uc001sfb.4	64.0	343.0	534.0
uc021qyn.1	64.0	145.0	534.0
uc001sfe.2	2103.0	145.0	381.0
uc001shq.3	2999.0	37.0	1224.0
uc031qhy.1	1.0	79.0	804.0
uc001shu.2	242.0	56.0	2682.0
uc001shx.1	1017.0	204.0	2109.0
uc009zob.1	1017.0	439.0	2109.0
uc001shy.1	0.0	335.0	1407.0
uc009zoh.3	220.0	200.0	342.0
uc001six.3	498.0	326.0	1638.0
uc001siy.3	498.0	200.0	1638.0
uc001siz.3	498.0	91.0	1638.0
uc001sja.3	498.0	724.0	1638.0
uc001sml.2	3946.0	153.0	2139.0
uc021qzg.1	0.0	0.0	2139.0
uc001smz.3	755.0	378.0	1578.0
uc001spx.2	1513.0	431.0	1041.0
uc001spy.3	1513.0	447.0	702.0
uc009zqc.3	606.0	48.0	468.0
uc010ssd.2	428.0	48.0	831.0
uc001sqh.3	1004.0	57.0	1041.0
uc001sqi.3	1004.0	57.0	978.0
uc010ssf.2	1390.0	57.0	504.0
uc010sse.2	1004.0	445.0	858.0
uc021qzq.1	225.0	57.0	648.0
uc001sxd.4	3046.0	342.0	294.0
uc001tky.3	4211.0	498.0	1044.0
uc001tkz.3	4211.0	498.0	1059.0
uc001tmp.3	1344.0	437.0	2406.0
uc001tmq.3	NA	NA	NA
uc009zvu.3	2027.0	372.0	750.0
uc001tsc.3	2027.0	35.0	819.0
uc021rdy.1	2027.0	440.0	789.0
uc001tsd.4	2027.0	391.0	750.0
uc021rdz.1	0.0	0.0	750.0
uc001tvu.1	1587.0	964.0	2172.0
uc001tvt.1	1587.0	964.0	2232.0
uc010syw.1	848.0	964.0	732.0
uc001ubi.3	2417.0	6.0	5772.0
uc021rfg.1	1.0	6.0	5169.0
uc001ubo.3	2881.0	137.0	696.0
uc001ubp.3	2881.0	137.0	633.0
uc001ubq.3	2608.0	108.0	2760.0
uc001ubr.3	22.0	227.0	1140.0
uc001ubs.1	1.0	177.0	552.0
uc001ubt.3	2608.0	152.0	1581.0
uc001ucn.3	1898.0	156.0	2124.0
uc001ucl.3	1898.0	268.0	957.0
uc001ucm.3	1898.0	50.0	1410.0
uc009zxp.3	1898.0	628.0	1410.0
uc009zxq.3	1898.0	409.0	1410.0
uc001udl.3	1788.0	103.0	858.0
uc001uen.3	928.0	263.0	501.0
uc001ueo.3	NA	NA	NA
uc021rft.1	928.0	472.0	501.0
uc010tan.2	928.0	179.0	501.0
uc021rfu.1	NA	NA	NA
uc001ufb.1	113.0	116.0	741.0
uc001ufc.1	NA	NA	NA
uc021rfv.1	113.0	50.0	756.0
uc021rfw.1	0.0	0.0	741.0
uc001ufv.1	650.0	2085.0	945.0
uc001ufw.1	650.0	147.0	996.0
uc001ufx.1	650.0	137.0	996.0
uc001ujg.3	275.0	191.0	1200.0
uc001ujh.3	275.0	162.0	1200.0
uc001ujf.3	275.0	455.0	1284.0
uc001uji.3	275.0	516.0	1125.0
uc031qkj.1	1087.0	493.0	1701.0
uc001ull.2	1087.0	493.0	1602.0
uc031qkk.1	1087.0	493.0	1506.0
uc001ulo.3	1021.0	670.0	1374.0
uc001ulp.3	1021.0	1046.0	1065.0
uc010tbu.2	1021.0	831.0	1065.0
uc009zzb.3	2495.0	447.0	1722.0
uc001ulq.3	2495.0	186.0	1722.0
uc001uux.3	2458.0	538.0	3237.0
uc001uuw.3	2458.0	126.0	3342.0
uc001uuv.3	2458.0	417.0	2988.0
uc001uuu.3	2458.0	57.0	3318.0
uc021ria.1	503.0	417.0	1941.0
uc021rhz.1	688.0	57.0	2064.0
uc010abh.1	2.0	217.0	1875.0
uc001uxu.1	2914.0	289.0	2025.0
uc001uxw.1	628.0	309.0	2055.0
uc001vli.3	781.0	978.0	948.0
uc001vlj.3	781.0	381.0	948.0
uc021rkz.1	0.0	0.0	948.0
uc001vqy.3	599.0	205.0	705.0
uc010tjj.2	1467.0	142.0	990.0
uc001vqz.3	NA	NA	NA
uc001vra.3	NA	NA	NA
uc010tjk.2	1467.0	132.0	714.0
uc010tjl.2	1467.0	86.0	651.0
uc010tji.2	925.0	142.0	366.0
uc001vrb.3	1467.0	91.0	1044.0
uc001vrc.3	1474.0	91.0	1173.0
uc021rmn.1	1467.0	244.0	381.0
uc010agw.1	2210.0	52.0	381.0
uc001vts.1	NA	NA	NA
uc001vtr.1	2210.0	39.0	780.0
uc001whd.3	555.0	553.0	2142.0
uc001whe.3	1176.0	157.0	1299.0
uc001wib.2	314.0	310.0	1617.0
uc001wif.3	314.0	658.0	1077.0
uc001wia.4	314.0	430.0	1497.0
uc001wie.3	314.0	430.0	1617.0
uc001wih.3	314.0	184.0	1617.0
uc001wig.3	314.0	263.0	1617.0
uc001wic.2	314.0	440.0	1077.0
uc010tob.1	696.0	634.0	2526.0
uc010toa.1	696.0	403.0	1560.0
uc001wnb.1	696.0	348.0	1821.0
uc001wnc.3	299.0	348.0	1470.0
uc010tpc.2	4056.0	16.0	2160.0
uc001wph.4	4056.0	202.0	2037.0
uc010alw.3	4056.0	55.0	2037.0
uc001wwr.3	869.0	498.0	1344.0
uc001wwt.4	368.0	81.0	2370.0
uc001wws.4	368.0	81.0	2514.0
uc001xan.4	295.0	210.0	1227.0
uc001xao.4	295.0	419.0	1227.0
uc010aoh.3	295.0	264.0	1227.0
uc001xal.4	295.0	187.0	1227.0
uc001xhh.4	1305.0	431.0	2142.0
uc001xhi.2	1793.0	391.0	1935.0
uc010aqg.3	1305.0	391.0	2142.0
uc021rul.1	0.0	0.0	2142.0
uc001xkp.3	2937.0	219.0	2829.0
uc001xkq.3	2937.0	219.0	2826.0
uc001xkr.4	1851.0	219.0	981.0
uc001xks.2	1003.0	219.0	399.0
uc001xok.1	458.0	79.0	1923.0
uc001xor.1	795.0	786.0	1062.0
uc001xsy.4	859.0	907.0	2391.0
uc001xwv.4	2359.0	331.0	3525.0
uc010twc.2	2359.0	937.0	2913.0
uc010atf.1	111.0	380.0	1080.0
uc001yaz.1	513.0	182.0	2196.0
uc001yba.1	569.0	90.0	267.0
uc010aur.3	4723.0	1134.0	1974.0
uc010two.2	4723.0	173.0	2859.0
uc001ybo.3	4723.0	326.0	3399.0
uc001ybp.3	4723.0	111.0	2346.0
uc001ybq.4	1642.0	173.0	1386.0
uc001ybr.3	1009.0	326.0	1233.0
uc010avv.3	1167.0	229.0	714.0
uc001yha.3	1167.0	291.0	912.0
uc010twx.2	1040.0	314.0	972.0
uc010avw.3	45.0	291.0	369.0
uc001yla.3	1929.0	72.0	261.0
uc001yle.3	790.0	72.0	1563.0
uc010txu.2	650.0	72.0	1803.0
uc001ykz.3	650.0	72.0	1710.0
uc001ylf.3	650.0	72.0	1746.0
uc001ylb.3	650.0	72.0	1527.0
uc001ylc.3	2422.0	72.0	588.0
uc001yld.3	790.0	72.0	1746.0
uc001ylo.3	995.0	350.0	2436.0
uc031qqo.1	995.0	281.0	2436.0
uc010awk.2	995.0	15.0	2784.0
uc001ylp.3	NA	NA	NA
uc001ylq.1	188.0	60.0	1656.0
uc001ylr.3	995.0	60.0	2211.0
uc001yls.3	995.0	312.0	1287.0
uc001ylt.3	995.0	825.0	1206.0
uc010txy.2	5716.0	214.0	1458.0
uc001yme.2	5716.0	353.0	1632.0
uc001ymd.2	5716.0	214.0	1707.0
uc001ymc.2	5716.0	353.0	1707.0
uc001ynj.2	3277.0	227.0	1344.0
uc001ynh.2	3277.0	311.0	1467.0
uc001yni.2	3277.0	247.0	1344.0
uc021seg.1	0.0	0.0	1344.0
uc001yos.4	1108.0	0.0	5649.0
uc010tym.1	NA	NA	NA
uc001ypz.1	NA	NA	NA
uc001ypy.1	759.0	153.0	978.0
uc001ywh.4	713.0	476.0	1524.0
uc010ayi.1	205.0	121.0	1269.0
uc001ywi.3	928.0	66.0	318.0
uc001zco.3	642.0	111.0	915.0
uc001zkj.2	2110.0	866.0	1548.0
uc001zkk.2	2110.0	866.0	1545.0
uc010uck.2	2110.0	159.0	1413.0
uc001zlt.2	2112.0	259.0	2340.0
uc001zlu.2	2112.0	71.0	2343.0
uc010bbp.1	2112.0	71.0	2331.0
uc001zlv.2	2112.0	14.0	2334.0
uc001zlw.3	814.0	253.0	1131.0
uc021sjh.1	201.0	6.0	1455.0
uc001zmd.1	201.0	0.0	1638.0
uc001zoj.4	2419.0	286.0	4527.0
uc010udb.2	2419.0	530.0	4044.0
uc010bci.3	2419.0	286.0	3696.0
uc010bcj.3	2419.0	1575.0	3048.0
uc001zok.4	2419.0	286.0	4545.0
uc010bck.3	2419.0	3156.0	2178.0
uc010bcl.3	2419.0	630.0	3042.0
uc001zrg.3	653.0	133.0	2061.0
uc001zrj.1	2901.0	53.0	2199.0
uc001zrk.1	2901.0	147.0	2559.0
uc010bdf.1	3575.0	150.0	1671.0
uc001zrl.1	NA	NA	NA
uc010bdg.1	2901.0	150.0	1389.0
uc001zrm.3	725.0	150.0	1227.0
uc001zxc.1	1443.0	84.0	564.0
uc002aqf.3	464.0	923.0	1491.0
uc010bhx.3	NA	NA	NA
uc002aqg.3	464.0	113.0	708.0
uc002arg.3	60.0	615.0	1884.0
uc002arh.3	4441.0	1187.0	1644.0
uc021spq.1	708.0	333.0	639.0
uc021spr.1	708.0	487.0	639.0
uc021sps.1	708.0	329.0	639.0
uc002atp.3	708.0	222.0	639.0
uc021spt.1	708.0	346.0	639.0
uc021spu.1	0.0	0.0	639.0
uc002azj.1	882.0	851.0	600.0
uc002azp.4	1053.0	320.0	3144.0
uc002azq.4	1053.0	230.0	3144.0
uc021sqm.1	730.0	328.0	2094.0
uc002azr.4	1432.0	174.0	1011.0
uc010bkl.2	529.0	155.0	555.0
uc002bat.2	526.0	944.0	555.0
uc002bfz.3	644.0	1318.0	1089.0
uc010bna.3	1676.0	162.0	1395.0
uc002bkp.3	310.0	226.0	453.0
uc002bkq.3	267.0	226.0	441.0
uc010bmz.1	674.0	229.0	1839.0
uc002bkr.3	1676.0	226.0	1845.0
uc010uoz.1	365.0	111.0	714.0
uc010uox.1	312.0	111.0	630.0
uc010uoy.1	206.0	111.0	600.0
uc002bly.3	1708.0	203.0	1770.0
uc021stw.1	0.0	0.0	1770.0
uc002bmp.4	NA	NA	NA
uc010bnk.2	NA	NA	NA
uc002bmr.2	600.0	152.0	1653.0
uc002bmq.2	600.0	189.0	1686.0
uc031qtn.1	1846.0	152.0	651.0
uc002boi.4	1846.0	152.0	744.0
uc010upy.3	1846.0	471.0	309.0
uc002boy.3	1017.0	283.0	2514.0
uc010uqd.2	1017.0	763.0	2028.0
uc002boz.3	1017.0	249.0	2514.0
uc002bpa.3	1017.0	687.0	2028.0
uc010urq.2	0.0	50.0	2496.0
uc002bul.3	7088.0	50.0	4104.0
uc010bon.3	7088.0	50.0	4101.0
uc010urr.1	0.0	188.0	630.0
uc010boo.1	NA	NA	NA
uc002buq.3	NA	NA	NA
uc002bup.3	2537.0	120.0	4695.0
uc002buo.3	2537.0	120.0	3759.0
uc002bwk.3	3237.0	769.0	957.0
uc002bwj.3	159.0	769.0	825.0
uc002cgp.2	682.0	389.0	2589.0
uc002cgq.2	682.0	389.0	2481.0
uc002chf.3	1642.0	339.0	2271.0
uc010uuf.2	1642.0	181.0	1383.0
uc010uug.2	1642.0	27.0	1476.0
uc021szt.1	1651.0	222.0	846.0
uc021szu.1	1651.0	114.0	846.0
uc021szv.1	1651.0	74.0	846.0
uc002chq.3	1651.0	74.0	789.0
uc002chr.3	1651.0	119.0	846.0
uc002clr.4	502.0	77.0	399.0
uc010uvd.2	0.0	0.0	1071.0
uc010uvh.2	3863.0	0.0	3810.0
uc002cmf.3	NA	NA	NA
uc002cot.1	1017.0	209.0	12909.0
uc002cos.1	1017.0	209.0	12912.0
uc010bse.1	NA	NA	NA
uc002cqd.1	1838.0	88.0	2361.0
uc002cqe.1	1838.0	905.0	1437.0
uc010uwe.2	610.0	149.0	423.0
uc002cqt.4	5423.0	149.0	1290.0
uc010bsn.4	5518.0	149.0	1365.0
uc002cqs.4	5423.0	149.0	1671.0
uc002cqu.4	5423.0	665.0	1590.0
uc002cqv.1	332.0	864.0	1191.0
uc002cqz.1	332.0	864.0	1191.0
uc002crk.3	545.0	549.0	8259.0
uc002crj.1	2.0	564.0	7443.0
uc002crl.1	2.0	260.0	7731.0
uc010bsu.1	2.0	275.0	7443.0
uc002csl.4	1536.0	334.0	600.0
uc002csk.4	1536.0	334.0	705.0
uc002csj.4	1536.0	334.0	822.0
uc010uwm.2	1536.0	154.0	615.0
uc010uws.2	1457.0	447.0	1380.0
uc010btf.3	5062.0	447.0	462.0
uc002cud.3	NA	NA	NA
uc010bth.3	1457.0	428.0	1380.0
uc010uwt.3	1457.0	515.0	906.0
uc010uww.2	901.0	254.0	996.0
uc002cuq.3	901.0	332.0	2052.0
uc002cur.2	2290.0	170.0	996.0
uc002cvh.4	1703.0	246.0	729.0
uc010uxb.1	2.0	85.0	591.0
uc010btl.3	169.0	779.0	705.0
uc021tcf.1	1725.0	196.0	729.0
uc010btm.3	1703.0	196.0	729.0
uc010uxd.2	NA	NA	NA
uc010uxe.2	NA	NA	NA
uc010btk.1	2.0	275.0	375.0
uc002cvg.2	2.0	14.0	570.0
uc002cvp.2	1159.0	627.0	5505.0
uc002cvq.1	1457.0	627.0	990.0
uc002cvx.3	3126.0	539.0	4062.0
uc002cwc.1	2073.0	66.0	1575.0
uc002cxp.1	1562.0	247.0	1443.0
uc002cxo.1	1562.0	679.0	819.0
uc010uxt.1	816.0	247.0	1326.0
uc002cze.3	772.0	34.0	642.0
uc002dan.4	64.0	230.0	2721.0
uc002dao.3	3499.0	230.0	3156.0
uc021tcy.1	3499.0	230.0	3162.0
uc002dap.3	3499.0	390.0	423.0
uc002daq.1	NA	NA	NA
uc002daw.1	970.0	18.0	444.0
uc002dce.2	4001.0	9.0	2751.0
uc010bva.3	945.0	9.0	1119.0
uc010uyz.1	4001.0	627.0	1401.0
uc010uzy.2	2100.0	826.0	1008.0
uc002dds.3	2100.0	112.0	1008.0
uc002ddt.1	1.0	43.0	1014.0
uc002ddu.1	578.0	419.0	714.0
uc010bvi.3	1792.0	175.0	4596.0
uc002del.4	1792.0	123.0	4278.0
uc010bvn.3	227.0	60.0	1305.0
uc021tdq.1	49.0	36.0	288.0
uc021tdr.1	2.0	9.0	357.0
uc021tdt.1	2.0	23.0	633.0
uc021tds.1	NA	NA	NA
uc002dfw.3	156.0	331.0	1425.0
uc002dfx.3	156.0	2281.0	1242.0
uc002dfy.3	156.0	255.0	1413.0
uc002dod.4	3815.0	407.0	2904.0
uc010vcl.2	3815.0	1030.0	2292.0
uc002doe.2	407.0	407.0	1518.0
uc002doh.2	1038.0	182.0	1251.0
uc010bxv.2	521.0	243.0	333.0
uc010vcn.1	1038.0	118.0	1365.0
uc010bxw.2	1038.0	31.0	663.0
uc010bxx.2	NA	NA	NA
uc002dow.3	1742.0	24.0	4857.0
uc002dox.1	604.0	137.0	1521.0
uc010vco.2	1742.0	107.0	363.0
uc002drt.3	2583.0	92.0	423.0
uc002dru.3	2583.0	15.0	1260.0
uc010vdg.1	182.0	15.0	636.0
uc002drv.3	2583.0	273.0	417.0
uc010vdh.2	2583.0	297.0	384.0
uc021tgj.1	1001.0	389.0	1488.0
uc021tgi.1	1001.0	114.0	1857.0
uc021tgk.1	1001.0	482.0	1857.0
uc002dya.2	1001.0	376.0	1857.0
uc021tgl.1	750.0	176.0	1347.0
uc002dyh.1	749.0	176.0	1176.0
uc010vex.2	516.0	1437.0	1530.0
uc002dyk.4	516.0	176.0	1623.0
uc010vew.2	516.0	38.0	1530.0
uc002dyr.2	1430.0	139.0	1224.0
uc002dyq.3	1430.0	139.0	1227.0
uc002dyt.2	218.0	778.0	831.0
uc002dys.2	218.0	132.0	789.0
uc021tgn.1	1.0	452.0	3540.0
uc002dze.1	974.0	385.0	9693.0
uc002dzf.4	NA	NA	NA
uc002dzg.1	974.0	123.0	9078.0
uc002dzz.1	1553.0	946.0	1149.0
uc002eaa.2	1553.0	158.0	1956.0
uc002eab.2	1553.0	158.0	2085.0
uc002ead.1	637.0	686.0	5124.0
uc002eae.1	2.0	176.0	867.0
uc002eao.3	225.0	684.0	1860.0
uc010caf.3	225.0	785.0	1860.0
uc010cag.2	225.0	311.0	1860.0
uc021tgt.1	225.0	356.0	1929.0
uc002eap.3	420.0	289.0	5499.0
uc021tgu.1	1691.0	423.0	5490.0
uc010vfn.2	278.0	124.0	3093.0
uc010vfo.2	278.0	355.0	2904.0
uc002eca.4	1966.0	529.0	2178.0
uc002ecc.3	278.0	529.0	2808.0
uc002ecb.2	1180.0	57.0	2001.0
uc010vfp.2	278.0	57.0	2232.0
uc010cca.1	1.0	0.0	810.0
uc002ehv.3	610.0	0.0	1452.0
uc021tin.1	610.0	0.0	1449.0
uc002ehw.3	610.0	375.0	1254.0
uc002emx.1	1848.0	623.0	1749.0
uc021tjd.1	0.0	0.0	1749.0
uc010cdj.3	1415.0	208.0	768.0
uc002enj.4	1415.0	208.0	417.0
uc002enh.4	1415.0	208.0	651.0
uc010cdl.2	58.0	59.0	885.0
uc021tjh.1	2196.0	59.0	408.0
uc002enr.3	1498.0	59.0	1350.0
uc002ens.3	1498.0	59.0	1422.0
uc010cdm.3	NA	NA	NA
uc021tjp.1	NA	NA	NA
uc010viq.2	3965.0	351.0	744.0
uc010vip.2	3965.0	416.0	507.0
uc002eor.3	3965.0	8.0	705.0
uc010cdq.3	4060.0	8.0	441.0
uc010cdr.3	3965.0	593.0	651.0
uc010vir.2	3965.0	351.0	723.0
uc002eos.3	3965.0	351.0	798.0
uc002eqk.2	5225.0	215.0	1590.0
uc021tjw.1	0.0	0.0	1590.0
uc002eqq.3	1066.0	1000.0	1824.0
uc002eqr.3	1066.0	1000.0	1872.0
uc002eqs.3	1066.0	1709.0	1401.0
uc002eri.1	463.0	80.0	939.0
uc002erh.1	463.0	624.0	759.0
uc010vjb.1	453.0	80.0	453.0
uc002euc.3	622.0	264.0	843.0
uc002eub.3	622.0	295.0	1158.0
uc010cen.2	4661.0	295.0	339.0
uc031qwq.1	0.0	0.0	339.0
uc002euo.3	696.0	245.0	945.0
uc002evh.2	306.0	665.0	1623.0
uc002evr.3	1401.0	83.0	1239.0
uc010vld.2	1804.0	83.0	711.0
uc010vle.2	1401.0	83.0	957.0
uc010vlf.2	1401.0	83.0	639.0
uc002evs.3	1401.0	1020.0	702.0
uc002ewx.1	401.0	25.0	732.0
uc002exd.4	1337.0	143.0	1503.0
uc002exe.4	232.0	17.0	882.0
uc002eym.1	851.0	30.0	819.0
uc002eyw.2	2254.0	2108.0	1053.0
uc002eyx.2	2254.0	1143.0	1053.0
uc002fah.3	493.0	369.0	1932.0
uc002faf.3	493.0	814.0	1932.0
uc002fai.3	490.0	1138.0	2049.0
uc002fag.3	490.0	668.0	1758.0
uc010vmf.2	490.0	261.0	1758.0
uc002fad.3	490.0	766.0	1758.0
uc010vmj.2	338.0	408.0	1239.0
uc002fbf.3	338.0	408.0	1113.0
uc021tlb.1	338.0	423.0	1239.0
uc021tlc.1	990.0	423.0	420.0
uc002fbh.4	338.0	423.0	1113.0
uc002fbe.3	338.0	600.0	789.0
uc002fbg.4	338.0	845.0	789.0
uc002fbp.3	1218.0	21.0	1188.0
uc002fdf.1	636.0	199.0	1260.0
uc002fdg.1	636.0	258.0	1701.0
uc002fdh.1	636.0	102.0	2925.0
uc002fdi.3	171.0	102.0	1716.0
uc021tli.1	142.0	9.0	1377.0
uc002fdx.3	481.0	73.0	2667.0
uc010vnd.2	481.0	30.0	2667.0
uc010vnc.2	481.0	335.0	2169.0
uc002fdw.3	481.0	171.0	2613.0
uc010vnb.2	481.0	284.0	2751.0
uc002fdv.3	481.0	146.0	2613.0
uc010cgu.3	481.0	146.0	2667.0
uc010vna.2	481.0	267.0	2607.0
uc002fdu.3	481.0	989.0	1983.0
uc002fdt.3	481.0	1246.0	972.0
uc002fgz.3	693.0	20.0	1482.0
uc002fig.3	177.0	141.0	1851.0
uc010chl.3	177.0	144.0	1659.0
uc002fjw.3	1952.0	44.0	1620.0
uc010vot.2	1952.0	308.0	1104.0
uc002fjv.3	1952.0	573.0	1296.0
uc002fjz.1	4034.0	27.0	2850.0
uc002fka.1	NA	NA	NA
uc002fkb.3	5.0	315.0	2217.0
uc010vou.2	NA	NA	NA
uc002fkd.4	1495.0	260.0	2247.0
uc031qxg.1	230.0	260.0	561.0
uc031qxf.1	489.0	260.0	453.0
uc021tms.1	995.0	339.0	2274.0
uc010vpg.2	995.0	1007.0	1479.0
uc002fmv.3	995.0	339.0	2190.0
uc002fmw.2	995.0	249.0	2064.0
uc002fni.3	811.0	21.0	1470.0
uc002fnj.3	673.0	21.0	2388.0
uc002fnk.2	162.0	550.0	555.0
uc002fnl.3	673.0	758.0	615.0
uc002fok.3	463.0	87.0	459.0
uc002foj.3	977.0	87.0	1275.0
uc010ciq.3	2678.0	588.0	1203.0
uc002foq.4	2678.0	312.0	1620.0
uc010cir.3	NA	NA	NA
uc002for.4	2678.0	697.0	1203.0
uc010cis.3	2678.0	886.0	1122.0
uc002fos.4	2678.0	97.0	1845.0
uc002fot.4	NA	NA	NA
uc010vpm.2	2678.0	245.0	1359.0
uc010cit.2	337.0	290.0	855.0
uc002fpe.4	765.0	1380.0	954.0
uc002fpu.1	NA	NA	NA
uc002fpt.1	NA	NA	NA
uc002fps.1	NA	NA	NA
uc002fpv.1	NA	NA	NA
uc002fpw.1	NA	NA	NA
uc002fpx.1	NA	NA	NA
uc002fpz.1	21.0	143.0	378.0
uc002fpy.1	21.0	212.0	378.0
uc002fqa.1	NA	NA	NA
uc002fqb.1	NA	NA	NA
uc002fqc.1	NA	NA	NA
uc002fqd.1	NA	NA	NA
uc002frs.1	445.0	119.0	3177.0
uc010vqa.1	595.0	119.0	555.0
uc002fsa.3	1636.0	80.0	1308.0
uc010vqd.2	1636.0	135.0	381.0
uc010vqe.2	1636.0	61.0	984.0
uc002fsb.2	230.0	235.0	435.0
uc002fsm.3	2290.0	150.0	615.0
uc002fsl.3	2160.0	150.0	915.0
uc002ftm.4	1751.0	168.0	2415.0
uc002ftn.1	1339.0	66.0	1830.0
uc031qxx.1	1653.0	295.0	1536.0
uc031qxw.1	1653.0	1597.0	993.0
uc010vqv.1	1653.0	52.0	1536.0
uc002fub.1	1653.0	55.0	4260.0
uc031qxy.1	2.0	511.0	1752.0
uc010cka.3	NA	NA	NA
uc002fuu.4	NA	NA	NA
uc002fut.3	3916.0	148.0	1689.0
uc002fuv.3	52.0	148.0	675.0
uc010vqy.1	1382.0	545.0	1035.0
uc010vqx.1	NA	NA	NA
uc002fvz.1	2298.0	103.0	1437.0
uc002fwp.3	366.0	33.0	2397.0
uc002fyp.3	414.0	62.0	354.0
uc010vsw.1	345.0	224.0	2460.0
uc002gbm.4	2588.0	224.0	2589.0
uc002gbl.4	2588.0	224.0	2490.0
uc010cld.1	380.0	224.0	2223.0
uc010clc.1	1.0	224.0	2193.0
uc002gbk.2	144.0	224.0	678.0
uc002gbj.3	158.0	224.0	573.0
uc010clo.3	1422.0	858.0	2007.0
uc002gde.4	1422.0	359.0	2904.0
uc010vte.2	1422.0	1114.0	2007.0
uc010vtd.2	1422.0	298.0	1272.0
uc010cma.3	598.0	585.0	822.0
uc010vtt.2	598.0	227.0	1011.0
uc002gfa.3	598.0	227.0	1212.0
uc002gge.4	1302.0	1054.0	699.0
uc010cmf.3	NA	NA	NA
uc002ggj.4	689.0	232.0	1986.0
uc002ggi.4	689.0	232.0	2001.0
uc002ggt.1	2061.0	73.0	2508.0
uc002gma.4	696.0	509.0	2439.0
uc010vva.3	696.0	96.0	3357.0
uc010cod.4	696.0	96.0	3372.0
uc010coe.3	696.0	1.0	2763.0
uc002gmc.4	696.0	35.0	1908.0
uc002gnk.3	2474.0	69.0	1233.0
uc002gnj.3	2474.0	69.0	1200.0
uc010vvj.2	2474.0	55.0	816.0
uc010vvi.2	2474.0	200.0	846.0
uc002gra.4	1442.0	504.0	1740.0
uc002grb.4	208.0	504.0	1029.0
uc002grc.2	1425.0	504.0	594.0
uc002grm.3	1470.0	469.0	5721.0
uc002grn.1	0.0	100.0	5565.0
uc010vxa.2	4127.0	157.0	1170.0
uc010vwz.2	4127.0	157.0	1167.0
uc010cpr.3	4127.0	157.0	1389.0
uc010vwy.2	4127.0	157.0	1452.0
uc002gry.4	4127.0	157.0	1374.0
uc002grz.4	4127.0	157.0	1524.0
uc010vxb.2	319.0	157.0	816.0
uc002gsu.3	1690.0	211.0	618.0
uc002gst.3	1017.0	211.0	1365.0
uc010vxq.2	1017.0	26.0	1398.0
uc002guw.3	291.0	167.0	2472.0
uc002gvn.3	313.0	386.0	2451.0
uc002gvo.3	313.0	400.0	2034.0
uc002gvp.3	313.0	175.0	2451.0
uc002gvq.3	313.0	87.0	2451.0
uc002gwq.3	694.0	110.0	3207.0
uc010cqx.3	2549.0	126.0	2373.0
uc002gws.3	694.0	51.0	3207.0
uc002gwr.3	2549.0	51.0	2373.0
uc010vzf.2	694.0	360.0	1227.0
uc002gwv.3	694.0	203.0	2964.0
uc002gwt.3	2549.0	203.0	2130.0
uc002gwu.3	2576.0	203.0	2112.0
uc002gyq.2	922.0	205.0	561.0
uc002gyp.2	374.0	443.0	579.0
uc002hax.2	2409.0	19.0	951.0
uc010waf.2	2409.0	442.0	639.0
uc002hay.3	2409.0	449.0	951.0
uc002hbx.3	NA	NA	NA
uc002hbw.3	633.0	296.0	636.0
uc010crs.2	638.0	296.0	246.0
uc002hed.2	1890.0	58.0	1407.0
uc002hfu.2	186.0	70.0	1083.0
uc002hfv.2	NA	NA	NA
uc002hfw.2	941.0	70.0	681.0
uc010wbs.1	4.0	70.0	546.0
uc002hih.4	501.0	37.0	1119.0
uc021twd.1	1420.0	10.0	4476.0
uc021twe.1	3.0	219.0	3153.0
uc002hqc.3	2484.0	135.0	2817.0
uc010wdq.2	1650.0	439.0	1140.0
uc002hqs.3	4000.0	481.0	1251.0
uc021twj.1	70.0	481.0	870.0
uc031raa.1	NA	NA	NA
uc010cwa.3	618.0	526.0	3723.0
uc002hsm.3	618.0	520.0	3678.0
uc002hsl.3	173.0	520.0	1812.0
uc002hsn.1	44.0	238.0	1260.0
uc002hso.3	618.0	238.0	3768.0
uc002hsp.3	618.0	892.0	3177.0
uc010cwb.3	965.0	238.0	3168.0
uc010wek.2	618.0	238.0	2940.0
uc002hyf.1	193.0	6.0	2127.0
uc002hzv.3	210.0	340.0	2232.0
uc002ici.1	1974.0	12.0	1842.0
uc002idt.3	798.0	181.0	606.0
uc021txy.1	0.0	0.0	606.0
uc002igx.2	1876.0	245.0	1698.0
uc002ihj.3	6179.0	511.0	1191.0
uc002ihl.3	6179.0	270.0	1191.0
uc002ihk.3	6179.0	274.0	1191.0
uc021tyf.1	0.0	0.0	1191.0
uc002iig.3	1831.0	1874.0	1080.0
uc002ikv.3	2124.0	163.0	1068.0
uc010dbh.1	676.0	623.0	675.0
uc002ins.1	676.0	325.0	675.0
uc002int.1	1923.0	569.0	423.0
uc002ipv.3	1016.0	271.0	723.0
uc002ipw.3	1016.0	240.0	507.0
uc021tzu.1	1237.0	62.0	345.0
uc010dbp.2	520.0	82.0	1752.0
uc002iqs.2	520.0	82.0	1713.0
uc010dbq.2	NA	NA	NA
uc010wmp.2	455.0	56.0	564.0
uc002iqw.1	1114.0	56.0	1329.0
uc010wmq.1	NA	NA	NA
uc002ixi.3	248.0	42.0	2976.0
uc002ixs.3	NA	NA	NA
uc002ixt.3	133.0	125.0	540.0
uc010ddk.1	372.0	155.0	2163.0
uc010wos.2	372.0	96.0	2646.0
uc002iyk.1	372.0	17.0	3546.0
uc002jhc.2	396.0	796.0	1578.0
uc031ree.1	396.0	625.0	1578.0
uc010dex.1	NA	NA	NA
uc002jji.4	2176.0	88.0	561.0
uc002jjj.4	2176.0	88.0	624.0
uc002jjn.3	1806.0	147.0	1071.0
uc002jjo.3	1806.0	224.0	1071.0
uc002jjp.1	1805.0	224.0	861.0
uc021ucn.1	0.0	0.0	1071.0
uc002jmr.4	127.0	372.0	1518.0
uc002jmt.4	127.0	306.0	1518.0
uc002jmu.4	127.0	415.0	1518.0
uc010wrt.2	211.0	12.0	1503.0
uc002jrm.4	1411.0	65.0	3879.0
uc002jrl.4	1411.0	36.0	2691.0
uc002jrn.4	604.0	65.0	2961.0
uc002jwn.3	1834.0	439.0	1206.0
uc002jwk.3	1834.0	300.0	1206.0
uc002jwj.3	1834.0	495.0	1206.0
uc002jwl.2	NA	NA	NA
uc002jxd.2	258.0	118.0	1170.0
uc002jxe.3	803.0	163.0	1683.0
uc002jxj.4	8516.0	126.0	2304.0
uc002jxi.4	8516.0	96.0	1179.0
uc002jxg.2	8516.0	96.0	1218.0
uc002jxk.2	240.0	96.0	837.0
uc002jya.4	1172.0	590.0	900.0
uc002jxz.4	1172.0	87.0	1509.0
uc002jxy.2	4731.0	87.0	822.0
uc010wue.1	696.0	87.0	825.0
uc002jyf.4	1982.0	150.0	3192.0
uc021uen.2	5283.0	150.0	15624.0
uc031ret.1	0.0	150.0	957.0
uc002jyg.1	396.0	546.0	3846.0
uc010dhx.3	5283.0	893.0	675.0
uc010wug.1	2043.0	805.0	3534.0
uc002jyt.1	2043.0	805.0	4008.0
uc010wuf.1	188.0	1277.0	990.0
uc002jys.3	395.0	805.0	1140.0
uc002jyu.1	2043.0	63.0	687.0
uc002jyw.4	980.0	78.0	606.0
uc002kaf.2	2515.0	0.0	7641.0
uc002kae.2	0.0	188.0	5073.0
uc002kao.1	934.0	470.0	1593.0
uc010wuq.1	NA	NA	NA
uc002kap.3	934.0	722.0	2193.0
uc002kaq.3	934.0	73.0	2646.0
uc002kbc.4	1202.0	36.0	870.0
uc002kce.2	1932.0	730.0	936.0
uc010wvb.2	1932.0	308.0	1074.0
uc010wvc.2	1932.0	627.0	936.0
uc031rex.1	1932.0	109.0	1008.0
uc002kch.2	1932.0	109.0	1224.0
uc002kcf.2	1932.0	109.0	1170.0
uc002kci.2	1932.0	284.0	1047.0
uc002kej.3	2120.0	337.0	1248.0
uc002kei.3	2202.0	337.0	1230.0
uc002keh.3	2202.0	1783.0	825.0
uc010dil.3	NA	NA	NA
uc010wvj.2	31.0	717.0	621.0
uc010dim.1	584.0	44.0	294.0
uc021ufq.1	1417.0	334.0	564.0
uc002kex.3	864.0	742.0	672.0
uc031rez.1	864.0	1675.0	672.0
uc002key.3	864.0	1000.0	672.0
uc021ufr.1	864.0	450.0	672.0
uc021ufu.1	864.0	492.0	672.0
uc021uft.1	1417.0	387.0	564.0
uc002kfe.4	864.0	376.0	672.0
uc002kfa.3	1417.0	440.0	564.0
uc002kfd.4	864.0	541.0	672.0
uc002kfc.4	1417.0	170.0	522.0
uc002kfb.4	1417.0	170.0	564.0
uc021ufs.1	1417.0	390.0	564.0
uc010dir.3	1417.0	220.0	564.0
uc010dis.2	545.0	170.0	366.0
uc021ufv.1	NA	NA	NA
uc002kfm.1	351.0	171.0	1845.0
uc002kfn.3	3108.0	171.0	1983.0
uc010diu.3	3203.0	171.0	1011.0
uc002kfo.3	NA	NA	NA
uc002kfp.3	NA	NA	NA
uc002kof.3	NA	NA	NA
uc002kod.2	998.0	123.0	2802.0
uc002koe.2	998.0	123.0	2853.0
uc010wzo.2	998.0	122.0	2391.0
uc002ktt.2	1705.0	277.0	1788.0
uc002ktu.2	1705.0	212.0	1788.0
uc010xbe.1	NA	NA	NA
uc002kvk.2	788.0	247.0	3936.0
uc010dly.2	788.0	293.0	3936.0
uc002kvl.2	788.0	866.0	3276.0
uc010xbj.3	833.0	0.0	2598.0
uc002kvw.4	833.0	560.0	774.0
uc031rht.1	833.0	101.0	774.0
uc010xbk.3	833.0	140.0	774.0
uc031rhu.1	833.0	33.0	798.0
uc002kvy.3	3894.0	314.0	375.0
uc002kyl.3	2391.0	456.0	1485.0
uc002kym.3	2391.0	252.0	1485.0
uc002kyn.1	87.0	174.0	582.0
uc002lez.3	1035.0	106.0	1092.0
uc010dpe.3	228.0	106.0	672.0
uc002lid.2	1458.0	218.0	411.0
uc002lic.2	1553.0	218.0	165.0
uc021ule.1	1012.0	245.0	5154.0
uc002lly.4	1309.0	584.0	3099.0
uc021uln.1	0.0	0.0	3099.0
uc010xfd.2	1594.0	663.0	516.0
uc002lmp.3	1594.0	260.0	483.0
uc002lmn.3	1594.0	260.0	561.0
uc002lml.3	1594.0	260.0	594.0
uc010dqz.3	NA	NA	NA
uc010xfe.1	9255.0	260.0	756.0
uc002lmr.3	4031.0	264.0	594.0
uc002lnh.2	720.0	147.0	2886.0
uc010drd.2	835.0	147.0	2604.0
uc002lni.2	839.0	147.0	2604.0
uc021ult.1	720.0	131.0	2529.0
uc010xfm.1	1702.0	172.0	399.0
uc002lnk.2	1556.0	172.0	762.0
uc002lnl.2	1556.0	172.0	816.0
uc010dre.2	1556.0	500.0	567.0
uc002lnw.3	1536.0	455.0	3396.0
uc002lny.3	2537.0	166.0	1131.0
uc010xfp.2	0.0	166.0	324.0
uc002lrm.3	945.0	257.0	1362.0
uc010dsn.3	894.0	0.0	1956.0
uc002ltj.3	1486.0	22.0	876.0
uc002ltk.3	1486.0	80.0	780.0
uc002ltl.1	1661.0	22.0	876.0
uc010dsq.3	820.0	205.0	1593.0
uc002lua.4	820.0	95.0	3666.0
uc010xgs.1	137.0	935.0	1080.0
uc010dsp.1	NA	NA	NA
uc010dsr.1	0.0	394.0	1773.0
uc002luv.3	2359.0	318.0	654.0
uc002luu.3	2359.0	159.0	654.0
uc002lvb.4	2786.0	36.0	4614.0
uc002lvc.1	1661.0	767.0	3099.0
uc002lve.1	2274.0	310.0	1074.0
uc010dsw.1	0.0	242.0	1044.0
uc010dsy.1	0.0	287.0	1044.0
uc010dsz.1	0.0	80.0	1128.0
uc002lvr.3	2199.0	80.0	1533.0
uc002lvs.3	1893.0	80.0	1776.0
uc010dta.1	0.0	72.0	684.0
uc002lvu.3	228.0	131.0	1047.0
uc002lws.4	271.0	131.0	1638.0
uc010xhh.2	6501.0	120.0	1293.0
uc002lxo.3	6448.0	120.0	1500.0
uc010xhi.2	6448.0	70.0	1527.0
uc010xhj.2	6501.0	70.0	1320.0
uc002lxp.3	6448.0	70.0	1287.0
uc002lxt.2	1921.0	212.0	1482.0
uc002lxv.2	1921.0	34.0	1215.0
uc010dtk.2	1921.0	34.0	1491.0
uc010xhq.2	2986.0	89.0	1923.0
uc002lyj.2	2986.0	89.0	2007.0
uc010xhr.2	809.0	89.0	2124.0
uc002lzb.1	647.0	839.0	576.0
uc002lzc.1	647.0	94.0	1365.0
uc002lzd.1	647.0	214.0	1365.0
uc002lzi.3	2534.0	152.0	1755.0
uc002lzh.3	2534.0	75.0	1755.0
uc002mal.3	372.0	100.0	2871.0
uc002max.3	3138.0	118.0	561.0
uc021une.1	3138.0	146.0	561.0
uc021unf.1	0.0	0.0	561.0
uc002mbo.3	1351.0	168.0	2379.0
uc010xik.2	NA	NA	NA
uc010duf.3	NA	NA	NA
uc002mbp.3	1351.0	293.0	2418.0
uc002mga.3	4223.0	485.0	1293.0
uc002mgc.3	4223.0	473.0	1293.0
uc002mgb.3	4223.0	485.0	1272.0
uc002mge.1	4801.0	109.0	4113.0
uc002mgd.1	4801.0	109.0	4149.0
uc002mgf.3	714.0	109.0	2259.0
uc031rje.1	1110.0	244.0	2391.0
uc002mir.3	1110.0	101.0	2391.0
uc031rjf.1	1110.0	345.0	2004.0
uc010xkh.1	1575.0	483.0	996.0
uc010dwg.1	1575.0	683.0	1209.0
uc002mkn.1	1575.0	230.0	1209.0
uc002mll.4	849.0	266.0	1650.0
uc002mlo.4	849.0	1240.0	1650.0
uc002mlm.4	849.0	1291.0	1650.0
uc010dwq.4	849.0	1228.0	1650.0
uc002mlq.3	375.0	264.0	1665.0
uc010dws.3	375.0	478.0	1551.0
uc010xkq.1	324.0	290.0	1173.0
uc010xkp.1	324.0	232.0	1173.0
uc010dwt.2	324.0	453.0	1173.0
uc002mmg.3	629.0	396.0	822.0
uc002mmf.3	629.0	445.0	822.0
uc002mme.3	629.0	242.0	981.0
uc002mmd.3	629.0	285.0	822.0
uc002mnu.4	162.0	65.0	2775.0
uc002mnv.4	162.0	39.0	2400.0
uc002mot.2	1073.0	71.0	1197.0
uc002mou.2	1073.0	187.0	1197.0
uc021uox.1	0.0	0.0	1197.0
uc010xlx.2	NA	NA	NA
uc002mrj.2	779.0	135.0	1527.0
uc002mrk.2	779.0	904.0	1008.0
uc010xly.2	779.0	757.0	1008.0
uc002msk.2	1270.0	208.0	1386.0
uc002mvc.3	496.0	276.0	1044.0
uc002mwr.3	1046.0	328.0	672.0
uc021upr.1	0.0	0.0	672.0
uc002mxh.1	1180.0	189.0	2970.0
uc010xng.1	1180.0	227.0	2739.0
uc010xnn.2	3136.0	296.0	4425.0
uc010xno.2	3136.0	296.0	4410.0
uc010dzy.3	1394.0	1140.0	726.0
uc002nav.3	1394.0	70.0	2079.0
uc010dzz.1	NA	NA	NA
uc010xog.2	215.0	276.0	879.0
uc002nee.3	NA	NA	NA
uc010eai.1	NA	NA	NA
uc002neh.1	1299.0	73.0	1974.0
uc002neg.3	658.0	73.0	1878.0
uc002nef.1	594.0	73.0	1803.0
uc002nen.1	1120.0	261.0	1803.0
uc010eak.3	985.0	152.0	6474.0
uc002nfi.3	1402.0	152.0	6069.0
uc002nfj.1	2.0	58.0	5880.0
uc002nfl.1	2.0	306.0	660.0
uc002nfm.1	1499.0	134.0	549.0
uc002ngb.4	530.0	240.0	1320.0
uc010eaz.2	1.0	1120.0	1626.0
uc002nhe.1	87.0	9.0	3180.0
uc010xpv.1	87.0	106.0	3102.0
uc002nip.2	688.0	138.0	1044.0
uc002njz.1	1247.0	27.0	1848.0
uc002nkg.3	1713.0	275.0	3390.0
uc002nkf.3	1713.0	275.0	3357.0
uc002nkh.3	1713.0	992.0	1122.0
uc002nkx.2	262.0	146.0	3249.0
uc002nla.1	1999.0	298.0	3249.0
uc002nkz.1	1999.0	20.0	3291.0
uc002nlb.2	1373.0	146.0	3249.0
uc010xqk.1	627.0	306.0	2586.0
uc002nnj.2	29.0	466.0	951.0
uc010ecg.2	29.0	619.0	951.0
uc002nni.2	29.0	110.0	1311.0
uc002nun.3	1404.0	110.0	1077.0
uc002nvd.4	2611.0	859.0	3213.0
uc010edk.1	0.0	889.0	465.0
uc002oco.3	176.0	452.0	1887.0
uc002ocp.3	696.0	87.0	348.0
uc002ofl.3	691.0	215.0	2067.0
uc002ohk.3	2128.0	509.0	5346.0
uc010xuy.2	137.0	325.0	3714.0
uc010xuz.2	3121.0	325.0	4161.0
uc002olj.3	222.0	135.0	1734.0
uc010xva.2	3121.0	293.0	3495.0
uc002ona.3	283.0	288.0	2865.0
uc002ont.4	334.0	159.0	711.0
uc002onu.4	649.0	278.0	591.0
uc002onv.4	649.0	167.0	591.0
uc021uut.1	0.0	0.0	591.0
uc002oot.3	1300.0	33.0	2052.0
uc002osk.4	271.0	235.0	2961.0
uc002osm.4	271.0	169.0	2691.0
uc021uva.1	0.0	0.0	2691.0
uc031rkz.1	845.0	117.0	981.0
uc031rla.1	NA	NA	NA
uc031rku.1	845.0	422.0	414.0
uc031rkv.1	1024.0	182.0	312.0
uc031rky.1	NA	NA	NA
uc031rkx.1	NA	NA	NA
uc002osw.2	845.0	199.0	966.0
uc031rkw.1	845.0	454.0	444.0
uc002osu.2	845.0	199.0	981.0
uc002osv.2	NA	NA	NA
uc002oxu.2	763.0	99.0	2049.0
uc002oxw.2	763.0	1091.0	2049.0
uc010ejm.3	760.0	282.0	2004.0
uc002ozg.4	760.0	290.0	2076.0
uc002ozf.4	760.0	282.0	2079.0
uc002ozi.4	760.0	289.0	1998.0
uc002ozh.4	760.0	1482.0	1050.0
uc002pax.4	1895.0	96.0	609.0
uc021uvu.1	0.0	0.0	609.0
uc002pdb.3	716.0	395.0	2220.0
uc002pds.1	412.0	344.0	1755.0
uc010ekv.3	4388.0	0.0	4500.0
uc002pga.4	2166.0	38.0	3912.0
uc002pgb.2	1497.0	862.0	900.0
uc010xyu.2	1702.0	199.0	1224.0
uc002phj.4	1702.0	250.0	1632.0
uc002pid.1	NA	NA	NA
uc010xzi.1	1049.0	264.0	1080.0
uc021uwr.1	3917.0	313.0	861.0
uc010els.3	3917.0	114.0	852.0
uc010xzk.2	3624.0	245.0	1371.0
uc002pii.4	3917.0	406.0	1179.0
uc010xzm.2	3917.0	140.0	1179.0
uc010xzj.2	3624.0	43.0	1614.0
uc002pie.4	3624.0	278.0	1296.0
uc002pif.4	3917.0	278.0	861.0
uc010xzl.2	3624.0	140.0	1464.0
uc002pih.4	3624.0	251.0	1464.0
uc031rlm.1	3624.0	2490.0	1284.0
uc002pig.4	3624.0	1209.0	789.0
uc021uwq.1	3624.0	313.0	1296.0
uc031rln.1	1946.0	140.0	348.0
uc002pij.2	118.0	295.0	213.0
uc002pjd.2	3996.0	233.0	1341.0
uc002poo.4	832.0	0.0	6111.0
uc002poq.3	250.0	124.0	3939.0
uc002pqz.3	1412.0	483.0	1569.0
uc002pra.3	1412.0	605.0	1569.0
uc002pqy.3	1412.0	638.0	1569.0
uc002pqx.3	1412.0	203.0	1569.0
uc002prb.4	1412.0	267.0	1569.0
uc002prc.3	134.0	605.0	1341.0
uc021uya.1	0.0	0.0	1569.0
uc031rmh.1	0.0	1888.0	834.0
uc010ybo.2	1715.0	195.0	2580.0
uc002prm.3	1715.0	359.0	2616.0
uc002prn.3	1715.0	237.0	2616.0
uc010epq.1	422.0	177.0	2712.0
uc002pzq.2	NA	NA	NA
uc010epr.2	NA	NA	NA
uc002qlh.3	426.0	53.0	1689.0
uc021vby.1	0.0	0.0	1689.0
uc021vca.1	1743.0	26.0	3180.0
uc010etb.1	NA	NA	NA
uc002qll.1	1010.0	14.0	972.0
uc002qln.3	458.0	273.0	594.0
uc002qlq.3	458.0	174.0	594.0
uc021vcb.1	0.0	0.0	594.0
uc002qoi.2	1511.0	357.0	1803.0
uc002qoq.2	338.0	254.0	2337.0
uc010euk.1	NA	NA	NA
uc002qrn.3	1550.0	237.0	1626.0
uc002qro.1	NA	NA	NA
uc002qrp.1	NA	NA	NA
uc021vcv.1	0.0	0.0	1626.0
uc002qrq.1	418.0	459.0	1959.0
uc010yhv.1	NA	NA	NA
uc002qrr.1	418.0	459.0	1863.0
uc002qrs.1	418.0	473.0	1644.0
uc010eum.1	418.0	1196.0	1239.0
uc010yhu.1	NA	NA	NA
uc002qsp.3	541.0	452.0	1266.0
uc010yia.3	1538.0	522.0	282.0
uc010yib.2	1467.0	452.0	438.0
uc002qta.3	761.0	117.0	1011.0
uc002qsz.3	504.0	117.0	1353.0
uc010eur.3	1048.0	117.0	1011.0
uc002qtf.3	524.0	80.0	1536.0
uc002qtd.3	524.0	292.0	1536.0
uc031rnj.1	1243.0	561.0	873.0
uc002qtn.3	155.0	243.0	2205.0
uc002qto.3	155.0	561.0	2205.0
uc010euu.1	1083.0	143.0	903.0
uc010euw.3	NA	NA	NA
uc010eux.4	1786.0	967.0	588.0
uc010yim.2	2794.0	203.0	966.0
uc002qza.3	776.0	183.0	405.0
uc002rep.2	1597.0	131.0	2166.0
uc010eya.2	1776.0	131.0	1869.0
uc002rfp.2	3058.0	168.0	885.0
uc002rfq.2	3058.0	127.0	903.0
uc002rfs.4	762.0	199.0	3435.0
uc010ykm.2	762.0	199.0	3438.0
uc002rfr.4	762.0	211.0	2196.0
uc010ykr.1	2392.0	657.0	2376.0
uc010eyj.1	NA	NA	NA
uc002rgu.2	2392.0	657.0	2382.0
uc002rkk.3	314.0	218.0	1626.0
uc002rkj.3	314.0	327.0	1440.0
uc002rrb.3	NA	NA	NA
uc002rrc.3	72.0	185.0	504.0
uc002rts.3	85.0	428.0	984.0
uc002rtt.3	754.0	428.0	1440.0
uc002rtu.3	1471.0	428.0	1143.0
uc002rtv.3	754.0	429.0	579.0
uc002rtx.3	1.0	428.0	1290.0
uc002rtw.3	2258.0	428.0	1164.0
uc010fbj.3	93.0	888.0	3177.0
uc002rwc.2	142.0	152.0	3207.0
uc002rwd.4	93.0	152.0	4083.0
uc010yoj.2	93.0	793.0	3177.0
uc002sde.2	4306.0	297.0	945.0
uc021viq.1	0.0	0.0	945.0
uc002sed.1	NA	NA	NA
uc002see.2	1089.0	117.0	1074.0
uc002seg.2	617.0	293.0	564.0
uc002sef.2	617.0	117.0	867.0
uc002skb.5	5999.0	0.0	5388.0
uc010fez.3	261.0	45.0	2184.0
uc031roi.1	5999.0	45.0	4983.0
uc002svr.3	3600.0	253.0	717.0
uc002svq.3	3600.0	276.0	717.0
uc002sxh.4	890.0	160.0	2502.0
uc002sxg.4	890.0	231.0	2661.0
uc002sxe.3	890.0	1491.0	1125.0
uc002sxf.4	890.0	1491.0	1002.0
uc002szm.4	71.0	340.0	1122.0
uc002szn.4	71.0	352.0	1122.0
uc002szo.4	71.0	224.0	1122.0
uc002szp.4	71.0	38.0	1245.0
uc002szq.4	71.0	98.0	1122.0
uc021vln.1	71.0	485.0	1122.0
uc021vlo.1	71.0	422.0	1122.0
uc021vlp.1	0.0	0.0	1122.0
uc010fja.2	NA	NA	NA
uc021vls.1	1213.0	377.0	1242.0
uc002tcb.2	1213.0	68.0	1425.0
uc002tcr.4	300.0	81.0	2583.0
uc002tcq.3	300.0	84.0	2583.0
uc010fjc.3	300.0	2.0	1890.0
uc002tfb.3	2920.0	156.0	1578.0
uc002tly.3	1080.0	34.0	573.0
uc010flg.1	329.0	473.0	936.0
uc002tme.2	NA	NA	NA
uc010flh.3	793.0	132.0	327.0
uc002tmd.2	329.0	132.0	936.0
uc002tmc.1	329.0	81.0	936.0
uc021vnk.1	0.0	0.0	936.0
uc002tpg.2	2089.0	199.0	4011.0
uc002tph.2	2625.0	199.0	774.0
uc002tpi.2	1987.0	199.0	981.0
uc010fmw.1	1074.0	354.0	2517.0
uc002trz.1	545.0	354.0	2415.0
uc002tsb.1	1725.0	519.0	2013.0
uc002tsa.1	1074.0	519.0	2073.0
uc010fmx.1	1074.0	6.0	1893.0
uc002tsc.1	1074.0	1463.0	702.0
uc002uck.1	1944.0	311.0	2280.0
uc002uhl.3	1416.0	198.0	768.0
uc010fqj.1	45.0	198.0	753.0
uc002uhm.3	1594.0	198.0	390.0
uc010fqx.3	NA	NA	NA
uc002uki.3	446.0	0.0	1017.0
uc002ukn.3	1083.0	204.0	321.0
uc002ukp.3	1083.0	627.0	870.0
uc002uko.3	1083.0	627.0	873.0
uc002urx.4	263.0	880.0	1200.0
uc002ury.4	263.0	700.0	1200.0
uc010fsb.3	263.0	556.0	1200.0
uc002uuq.3	1203.0	102.0	1782.0
uc002uuz.2	2711.0	393.0	2202.0
uc010fsq.2	2711.0	59.0	1848.0
uc002uuy.2	2711.0	817.0	2202.0
uc002uva.2	2711.0	413.0	2202.0
uc002uvt.3	1139.0	134.0	1281.0
uc002uvs.3	1139.0	517.0	1281.0
uc002uvu.1	1839.0	134.0	705.0
uc002vbp.2	2831.0	250.0	7065.0
uc031rqy.1	2831.0	307.0	7059.0
uc002vin.4	422.0	530.0	5064.0
uc010fvt.4	422.0	1161.0	4575.0
uc002vim.4	422.0	1236.0	4575.0
uc002vil.3	422.0	531.0	4947.0
uc002wan.1	868.0	493.0	1233.0
uc010zoj.1	868.0	124.0	582.0
uc010zok.1	267.0	59.0	759.0
uc010fzl.2	467.0	133.0	3993.0
uc021vzf.1	467.0	286.0	3972.0
uc010zon.2	467.0	148.0	3315.0
uc010zol.2	467.0	196.0	3414.0
uc002wao.2	467.0	133.0	3972.0
uc010zom.2	467.0	133.0	3867.0
uc002waq.3	1309.0	133.0	3432.0
uc002wap.3	1309.0	1804.0	2061.0
uc002wbq.3	1716.0	292.0	639.0
uc021vzk.1	564.0	25.0	621.0
uc002wcd.3	4450.0	25.0	723.0
uc002wdf.3	1521.0	24.0	1215.0
uc002wdh.4	3356.0	354.0	948.0
uc002wef.1	587.0	336.0	888.0
uc002weg.1	587.0	144.0	888.0
uc002weh.1	587.0	163.0	888.0
uc002wfw.4	4806.0	0.0	1605.0
uc010zpu.2	4656.0	105.0	606.0
uc010gao.1	1340.0	411.0	1800.0
uc002wge.1	1340.0	488.0	1800.0
uc002wgd.1	1340.0	187.0	1530.0
uc002wjk.3	833.0	207.0	1800.0
uc021wba.1	811.0	101.0	246.0
uc002wuz.3	NA	NA	NA
uc002wva.3	817.0	522.0	2256.0
uc010ztg.2	817.0	522.0	2160.0
uc002wvc.3	817.0	124.0	2256.0
uc002wwl.3	1491.0	366.0	702.0
uc002wwm.3	1491.0	366.0	513.0
uc002wwn.3	1491.0	348.0	702.0
uc002wwk.3	NA	NA	NA
uc002wwo.1	0.0	175.0	564.0
uc010gfe.1	NA	NA	NA
uc021wcn.1	0.0	365.0	492.0
uc021wco.1	348.0	647.0	7329.0
uc010zvd.2	NA	NA	NA
uc010zve.2	348.0	2125.0	5433.0
uc002xco.3	72.0	87.0	441.0
uc002xdw.2	934.0	77.0	1374.0
uc010zvk.2	934.0	805.0	768.0
uc010zvl.2	934.0	77.0	1221.0
uc002xdt.2	934.0	528.0	1194.0
uc002xdx.3	145.0	77.0	570.0
uc002xgd.1	332.0	327.0	3051.0
uc021wcx.1	2710.0	340.0	4986.0
uc021wcy.1	1839.0	121.0	1557.0
uc002xhc.3	1494.0	315.0	264.0
uc002xha.3	1494.0	448.0	264.0
uc002xhb.3	1494.0	278.0	264.0
uc021wdf.1	1494.0	284.0	264.0
uc021wde.1	1494.0	351.0	264.0
uc021wdg.1	0.0	0.0	264.0
uc002xjg.3	540.0	41.0	1848.0
uc002xjf.3	4040.0	41.0	774.0
uc002xlr.1	68.0	101.0	789.0
uc031rtp.1	5062.0	121.0	927.0
uc002xmd.2	5062.0	121.0	1029.0
uc002xmc.2	5062.0	145.0	1029.0
uc010ggr.1	5062.0	398.0	468.0
uc002xpt.1	2618.0	89.0	459.0
uc002xpw.1	1962.0	886.0	555.0
uc002xpv.1	1962.0	89.0	1122.0
uc002xpu.1	2618.0	89.0	477.0
uc002xps.1	1232.0	89.0	600.0
uc010zxd.1	2618.0	39.0	450.0
uc002xpy.1	1962.0	671.0	555.0
uc002xpz.1	1150.0	311.0	555.0
uc010zxg.2	481.0	418.0	2073.0
uc002xqd.3	481.0	245.0	2091.0
uc010ghi.3	1216.0	113.0	1458.0
uc021wem.1	0.0	0.0	1458.0
uc002xvi.2	619.0	451.0	1038.0
uc002xvk.2	NA	NA	NA
uc002xvy.2	1637.0	29.0	1383.0
uc002xwj.3	546.0	247.0	1281.0
uc002xwk.3	546.0	349.0	1938.0
uc002xwl.3	868.0	349.0	2046.0
uc002xwm.3	868.0	349.0	2040.0
uc002xwn.3	868.0	349.0	1884.0
uc002xwq.4	2217.0	342.0	3147.0
uc010gij.1	1.0	522.0	3012.0
uc002xxl.1	799.0	200.0	1296.0
uc002xxm.1	799.0	228.0	1296.0
uc002xxn.1	799.0	197.0	1296.0
uc002yba.3	3552.0	415.0	1152.0
uc002ybc.3	3552.0	349.0	1152.0
uc010zzx.2	3552.0	364.0	681.0
uc021wft.1	0.0	0.0	1152.0
uc002yck.1	2326.0	202.0	1443.0
uc002ycl.1	2326.0	202.0	1407.0
uc011aah.1	2256.0	423.0	1113.0
uc002ycm.1	2157.0	126.0	555.0
uc002ycv.2	2341.0	7.0	1437.0
uc002ydk.3	351.0	81.0	1983.0
uc002ydj.3	351.0	35.0	2034.0
uc002ydl.3	351.0	2277.0	1878.0
uc002ydr.2	1495.0	312.0	6723.0
uc002yds.2	1495.0	356.0	6723.0
uc002ydu.2	3716.0	356.0	3570.0
uc002ydt.2	3716.0	312.0	3570.0
uc002ydw.2	788.0	312.0	1689.0
uc002ydx.2	788.0	356.0	1689.0
uc002ydv.2	788.0	319.0	1689.0
uc011aao.1	549.0	199.0	1635.0
uc011aaq.2	1278.0	174.0	1530.0
uc002yeh.3	1278.0	294.0	1680.0
uc002ygi.2	267.0	146.0	1536.0
uc002ygm.3	267.0	189.0	1509.0
uc002ygk.3	267.0	189.0	1596.0
uc010gkl.2	267.0	170.0	1536.0
uc010gkk.2	267.0	362.0	267.0
uc002ygj.2	267.0	119.0	1536.0
uc002ygn.4	NA	NA	NA
uc002ygv.2	3262.0	201.0	1770.0
uc002ygu.3	NA	NA	NA
uc002yil.4	2626.0	200.0	1086.0
uc002yim.4	2626.0	200.0	1005.0
uc021wjb.1	3358.0	573.0	2181.0
uc010gnb.3	3358.0	1414.0	2181.0
uc002yvs.3	3358.0	480.0	2181.0
uc010gnc.2	0.0	18.0	1620.0
uc002ywg.1	NA	NA	NA
uc010gno.1	NA	NA	NA
uc002ywh.1	1.0	149.0	549.0
uc002ywi.3	3513.0	249.0	1755.0
uc002ywj.3	2845.0	1470.0	2265.0
uc002ywm.3	3422.0	76.0	1590.0
uc031rvi.1	62.0	56.0	258.0
uc002ywk.3	2845.0	76.0	2292.0
uc011aei.2	2845.0	132.0	1575.0
uc002yzn.1	1469.0	48.0	2355.0
uc002zef.3	2195.0	134.0	558.0
uc011afc.2	2195.0	252.0	639.0
uc002zee.3	2195.0	134.0	909.0
uc010gpp.1	2.0	134.0	1353.0
uc021wjt.1	2797.0	216.0	288.0
uc002zfx.3	2797.0	287.0	414.0
uc002zfy.3	2797.0	88.0	498.0
uc002zhf.3	NA	NA	NA
uc031rvz.1	NA	NA	NA
uc011afz.1	2391.0	183.0	4704.0
uc002zjo.2	2391.0	183.0	4716.0
uc011afy.1	90.0	183.0	3333.0
uc002zjn.3	192.0	183.0	2670.0
uc010gql.3	161.0	183.0	2397.0
uc002zjm.3	161.0	183.0	2526.0
uc002zjl.3	300.0	183.0	2439.0
uc002zjp.1	0.0	158.0	1548.0
uc002zjr.3	609.0	1327.0	966.0
uc002zjs.2	2391.0	392.0	756.0
uc002zjt.2	NA	NA	NA
uc031rwe.1	373.0	133.0	213.0
uc002zly.4	5874.0	133.0	2601.0
uc002zou.3	3917.0	37.0	1431.0
uc002zqg.3	5029.0	599.0	1095.0
uc002zqh.3	5029.0	511.0	1095.0
uc002zqi.3	5029.0	442.0	1095.0
uc021wli.1	0.0	0.0	1095.0
uc002zrv.3	296.0	201.0	1422.0
uc002zru.3	296.0	941.0	738.0
uc011ahr.2	554.0	420.0	1476.0
uc002zsl.2	554.0	157.0	1905.0
uc002ztf.2	3904.0	509.0	912.0
uc002ztn.3	1689.0	269.0	2400.0
uc002zto.3	1689.0	103.0	2523.0
uc011ahy.2	1689.0	103.0	2466.0
uc010gsr.1	310.0	67.0	1320.0
uc002ztr.1	108.0	30.0	930.0
uc002zts.1	108.0	204.0	930.0
uc010gtj.1	200.0	116.0	1563.0
uc011aij.2	1099.0	116.0	1470.0
uc002zvh.4	1010.0	116.0	1584.0
uc002zvi.4	1173.0	116.0	1563.0
uc002zvg.4	2423.0	116.0	1563.0
uc002zvk.4	1035.0	137.0	801.0
uc002zwj.3	366.0	228.0	1530.0
uc010gtr.3	366.0	135.0	1530.0
uc002zwf.3	366.0	156.0	1530.0
uc011air.2	366.0	380.0	1482.0
uc002zwg.3	366.0	307.0	1530.0
uc002zwh.3	366.0	286.0	1530.0
uc002zwi.3	366.0	249.0	1530.0
uc002zwk.3	366.0	863.0	1530.0
uc021wne.1	NA	NA	NA
uc011ajq.2	3117.0	199.0	3237.0
uc002zzv.4	3117.0	199.0	3354.0
uc002zzw.3	3117.0	303.0	3354.0
uc021wnf.1	3117.0	545.0	552.0
uc003acl.4	2350.0	668.0	2127.0
uc003acn.4	2350.0	1148.0	1665.0
uc003ack.4	2350.0	3486.0	1500.0
uc003aci.4	2350.0	300.0	2112.0
uc003acj.4	2350.0	856.0	1719.0
uc003ach.4	2350.0	1261.0	1332.0
uc010gvd.2	0.0	577.0	1767.0
uc003aco.2	1614.0	300.0	270.0
uc003acp.4	266.0	11.0	999.0
uc010gve.3	266.0	7.0	1020.0
uc003aeg.3	3866.0	0.0	2811.0
uc021wnq.1	3866.0	93.0	2511.0
uc003agu.4	5067.0	328.0	3513.0
uc003agv.4	5067.0	328.0	3597.0
uc003agw.4	5067.0	328.0	3486.0
uc003aki.3	1639.0	145.0	1179.0
uc003akh.3	1639.0	145.0	1917.0
uc011aln.2	1639.0	533.0	1668.0
uc003akk.3	1639.0	355.0	1854.0
uc003akj.3	498.0	355.0	2061.0
uc011alr.1	1121.0	338.0	1128.0
uc003alm.4	1121.0	58.0	1230.0
uc003alk.2	1121.0	430.0	1128.0
uc003alz.3	811.0	241.0	741.0
uc003ama.3	811.0	393.0	531.0
uc010gwm.3	811.0	27.0	702.0
uc003asq.4	5112.0	786.0	2463.0
uc021wph.1	0.0	0.0	2463.0
uc003azo.3	1020.0	54.0	2118.0
uc003azn.3	NA	NA	NA
uc010gyi.1	514.0	369.0	1581.0
uc003azx.4	3368.0	200.0	822.0
uc011apa.3	3368.0	116.0	927.0
uc003azy.4	3368.0	116.0	912.0
uc021wqe.2	0.0	116.0	378.0
uc003bag.2	3484.0	374.0	615.0
uc003baf.3	3484.0	65.0	615.0
uc003bai.2	3484.0	374.0	528.0
uc003baj.2	1383.0	65.0	366.0
uc021wqo.1	769.0	177.0	1062.0
uc010gzd.3	769.0	303.0	1062.0
uc021wqp.1	769.0	120.0	1062.0
uc003bdb.3	769.0	261.0	1062.0
uc021wqq.1	0.0	0.0	1062.0
uc021wqr.1	NA	NA	NA
uc003bgw.1	8376.0	266.0	1407.0
uc003bgx.1	8376.0	182.0	1407.0
uc010hab.1	8376.0	559.0	1407.0
uc003bgy.1	NA	NA	NA
uc003bgz.1	NA	NA	NA
uc003bhb.1	8376.0	123.0	1407.0
uc003bha.3	566.0	223.0	777.0
uc010hac.1	8376.0	445.0	798.0
uc003bhw.1	2344.0	0.0	9045.0
uc011arc.1	272.0	114.0	3396.0
uc011arg.2	944.0	14.0	3324.0
uc021wrv.1	NA	NA	NA
uc003biv.3	944.0	487.0	3177.0
uc021wrw.1	NA	NA	NA
uc003biu.4	944.0	66.0	3570.0
uc011arf.2	944.0	1544.0	2355.0
uc010har.1	47.0	512.0	5436.0
uc010has.1	NA	NA	NA
uc003bkb.1	47.0	512.0	5460.0
uc003bka.1	47.0	255.0	2670.0
uc010hat.1	0.0	425.0	672.0
uc003bkd.1	1150.0	245.0	336.0
uc010hau.1	528.0	512.0	954.0
uc003bkr.3	1235.0	58.0	1095.0
uc010hay.1	NA	NA	NA
uc010haz.2	429.0	527.0	642.0
uc011art.1	907.0	58.0	429.0
uc011asw.2	1488.0	996.0	819.0
uc003bqf.3	1488.0	307.0	1239.0
uc003brt.3	2063.0	435.0	4329.0
uc003brs.1	9.0	911.0	2739.0
uc003bru.3	2063.0	487.0	4035.0
uc003brv.3	2063.0	497.0	3996.0
uc010hck.3	2063.0	632.0	2775.0
uc003brx.3	2063.0	334.0	3336.0
uc003brw.1	580.0	334.0	531.0
uc011auu.2	913.0	548.0	1701.0
uc003bxf.4	913.0	415.0	1947.0
uc011aut.2	913.0	226.0	1302.0
uc003bxt.3	2347.0	9.0	2892.0
uc003bxu.4	4467.0	367.0	2445.0
uc011auw.2	3940.0	103.0	3345.0
uc010hhg.3	NA	NA	NA
uc003cih.2	1943.0	96.0	1107.0
uc010hhf.2	1943.0	583.0	687.0
uc010hhd.2	1943.0	640.0	687.0
uc003cii.2	1943.0	584.0	687.0
uc011ayq.1	1943.0	96.0	957.0
uc003cij.2	1943.0	722.0	687.0
uc010hhe.2	1943.0	486.0	687.0
uc003cik.2	1943.0	678.0	687.0
uc003cjh.3	1204.0	106.0	1770.0
uc003cjg.3	1204.0	214.0	1770.0
uc003clu.2	2982.0	281.0	2244.0
uc011azw.1	6805.0	169.0	3096.0
uc003cnf.2	6805.0	348.0	3096.0
uc011azv.1	6805.0	147.0	3060.0
uc011bav.2	2875.0	331.0	1389.0
uc003crd.3	2875.0	126.0	1725.0
uc003crc.2	2025.0	126.0	1161.0
uc003crb.2	NA	NA	NA
uc010hjq.2	0.0	46.0	729.0
uc011bbb.2	362.0	668.0	1287.0
uc021wxi.1	362.0	668.0	1206.0
uc021wxh.1	472.0	176.0	1434.0
uc003crp.4	362.0	176.0	1701.0
uc003cro.4	362.0	176.0	1620.0
uc003crn.3	362.0	522.0	1206.0
uc010hju.4	567.0	124.0	264.0
uc011bbi.2	538.0	51.0	360.0
uc003csp.4	538.0	51.0	561.0
uc011bbh.2	567.0	96.0	492.0
uc003cso.3	538.0	46.0	585.0
uc031rzj.1	827.0	51.0	213.0
uc003cuf.1	0.0	0.0	12561.0
uc010hkf.3	1742.0	218.0	1809.0
uc010hkg.3	1742.0	315.0	3888.0
uc003cul.3	1742.0	281.0	9939.0
uc011bby.1	665.0	138.0	1800.0
uc011bbx.1	766.0	138.0	1203.0
uc010hkn.2	665.0	520.0	3288.0
uc003cvj.2	665.0	138.0	3456.0
uc011bbz.1	665.0	105.0	3213.0
uc003cvv.3	743.0	181.0	2331.0
uc010hkq.3	743.0	296.0	2331.0
uc003cvu.3	743.0	241.0	2331.0
uc021wxr.1	263.0	16.0	1260.0
uc003cwg.4	270.0	138.0	1404.0
uc021wxs.1	0.0	0.0	1404.0
uc003czv.3	339.0	244.0	1422.0
uc003czw.3	339.0	652.0	1422.0
uc003czx.3	339.0	2293.0	1422.0
uc010hlj.2	313.0	244.0	1065.0
uc003dan.1	594.0	445.0	1056.0
uc003dax.3	1153.0	181.0	777.0
uc010hlq.3	1153.0	287.0	828.0
uc003dbd.3	3833.0	132.0	2673.0
uc003dgz.3	1480.0	441.0	1785.0
uc011bev.1	1852.0	454.0	1494.0
uc003dih.2	1852.0	110.0	1677.0
uc011bew.1	1852.0	130.0	1581.0
uc010hmy.1	1852.0	698.0	975.0
uc003dig.2	1852.0	169.0	1581.0
uc003dif.2	1852.0	604.0	1599.0
uc003dii.2	622.0	169.0	1251.0
uc003dkj.4	728.0	117.0	714.0
uc003dkk.4	728.0	391.0	714.0
uc003dqw.3	1330.0	310.0	990.0
uc003dwa.3	705.0	334.0	594.0
uc003dwc.3	705.0	322.0	2949.0
uc011bhi.2	705.0	34.0	2883.0
uc003dwe.2	710.0	322.0	2313.0
uc003dwd.2	477.0	322.0	2433.0
uc011bhj.1	NA	NA	NA
uc003efi.3	451.0	327.0	2460.0
uc003efh.3	451.0	327.0	2565.0
uc003efg.3	451.0	326.0	1200.0
uc011bjs.2	451.0	326.0	2460.0
uc010hri.3	451.0	145.0	2565.0
uc003eff.4	451.0	145.0	2460.0
uc003efj.2	4342.0	326.0	2133.0
uc003ege.3	2413.0	79.0	924.0
uc003egf.3	2413.0	896.0	924.0
uc003eiv.3	774.0	54.0	2577.0
uc010hsh.3	NA	NA	NA
uc003eix.2	10413.0	54.0	2133.0
uc003ejg.3	3375.0	0.0	5691.0
uc003ejh.3	3375.0	1258.0	1626.0
uc003emh.2	557.0	346.0	1743.0
uc003emi.2	624.0	346.0	1623.0
uc003emj.2	557.0	346.0	1725.0
uc003emk.2	557.0	346.0	789.0
uc011bkw.2	273.0	346.0	1719.0
uc011blb.1	1099.0	23.0	1785.0
uc003emw.2	1099.0	357.0	246.0
uc003emx.2	1099.0	100.0	5778.0
uc011blc.2	3689.0	54.0	1425.0
uc003emy.4	3689.0	952.0	990.0
uc021xdy.1	3689.0	434.0	1962.0
uc010htg.3	3689.0	177.0	1620.0
uc021xeb.1	5388.0	75.0	480.0
uc021xec.1	206.0	40.0	684.0
uc003eog.2	5489.0	40.0	588.0
uc011bln.2	5489.0	265.0	450.0
uc003eqg.1	2357.0	284.0	2343.0
uc003eqe.1	2357.0	498.0	1218.0
uc003eqh.1	2357.0	284.0	2334.0
uc003eqf.2	2357.0	117.0	2514.0
uc003erh.3	673.0	130.0	1134.0
uc011bme.2	673.0	86.0	942.0
uc003esw.3	1368.0	418.0	1131.0
uc003fjq.1	1110.0	343.0	1458.0
uc003fjr.1	1110.0	445.0	1458.0
uc003fmc.2	1480.0	58.0	600.0
uc003fpa.3	531.0	227.0	924.0
uc003fwz.4	3790.0	249.0	2268.0
uc011bty.2	3790.0	249.0	2130.0
uc003fyc.2	3630.0	183.0	2919.0
uc003fyd.3	3630.0	544.0	2784.0
uc003fye.1	623.0	309.0	1887.0
uc003fyf.3	1040.0	711.0	1494.0
uc003fyg.3	105.0	204.0	1287.0
uc003gbc.2	908.0	376.0	345.0
uc010ibh.3	4560.0	394.0	729.0
uc003gbe.3	4560.0	376.0	729.0
uc003gbd.1	NA	NA	NA
uc011bva.1	326.0	475.0	729.0
uc003gbh.3	4560.0	1040.0	627.0
uc003gdz.4	3298.0	176.0	4098.0
uc010icd.1	6417.0	176.0	1944.0
uc003gdy.1	2788.0	176.0	1890.0
uc003gdx.3	501.0	176.0	1455.0
uc003gef.4	NA	NA	NA
uc003gee.4	NA	NA	NA
uc003ged.4	3298.0	139.0	4098.0
uc003gec.4	3298.0	314.0	4098.0
uc003geb.4	3298.0	494.0	4098.0
uc003gea.1	2788.0	494.0	1890.0
uc010ice.1	6417.0	204.0	1944.0
uc003geh.1	6417.0	29.0	1944.0
uc003geg.1	0.0	29.0	822.0
uc003gei.4	3298.0	960.0	1755.0
uc011bvh.2	3298.0	832.0	1281.0
uc010icf.3	3298.0	515.0	2142.0
uc010ick.3	707.0	1.0	4275.0
uc010icm.3	NA	NA	NA
uc011bvo.2	NA	NA	NA
uc011bvm.2	707.0	351.0	3741.0
uc011bvn.2	839.0	351.0	3636.0
uc010icl.3	707.0	351.0	3798.0
uc003gfd.3	707.0	351.0	3675.0
uc003gfe.2	1.0	709.0	3060.0
uc010ics.1	577.0	594.0	507.0
uc003ggu.2	0.0	173.0	2427.0
uc011bvr.1	NA	NA	NA
uc003ggv.3	1205.0	904.0	4131.0
uc003ggw.3	229.0	904.0	4344.0
uc003ggx.1	127.0	101.0	2007.0
uc003ggy.1	486.0	85.0	1668.0
uc010ict.1	577.0	271.0	966.0
uc003ggz.3	229.0	271.0	2400.0
uc010icu.1	255.0	674.0	1182.0
uc011bvs.2	1708.0	72.0	1500.0
uc003gha.3	229.0	72.0	2370.0
uc010icv.3	229.0	1011.0	1941.0
uc003ghb.2	255.0	858.0	1182.0
uc003ghu.3	470.0	175.0	2298.0
uc003ghv.3	470.0	1357.0	747.0
uc010icy.3	NA	NA	NA
uc010icz.3	470.0	426.0	1032.0
uc003gim.1	NA	NA	NA
uc003gil.1	3267.0	184.0	2979.0
uc003gix.3	797.0	170.0	2673.0
uc003giy.3	797.0	166.0	2673.0
uc003giz.3	797.0	731.0	2127.0
uc003gjw.4	2896.0	151.0	1263.0
uc010idi.3	2896.0	42.0	1038.0
uc021xle.1	1587.0	1244.0	987.0
uc003gkx.4	NA	NA	NA
uc003gkw.4	148.0	412.0	3783.0
uc003gkv.4	148.0	101.0	4011.0
uc003gky.3	NA	NA	NA
uc010idw.2	1339.0	30.0	1815.0
uc003gob.2	1339.0	643.0	1662.0
uc010idx.2	1339.0	125.0	2073.0
uc003goc.2	1339.0	125.0	2076.0
uc003god.2	1339.0	125.0	2025.0
uc010idy.2	239.0	125.0	2013.0
uc011bxe.1	2803.0	283.0	1371.0
uc010ied.1	2803.0	81.0	1704.0
uc011bxd.1	NA	NA	NA
uc003gow.4	1132.0	81.0	243.0
uc003gvk.3	6065.0	289.0	633.0
uc021xnt.1	6065.0	285.0	633.0
uc010ifu.3	6065.0	389.0	993.0
uc003gvm.3	6065.0	630.0	2211.0
uc003gvl.3	6065.0	630.0	2277.0
uc003gvn.3	6065.0	630.0	2280.0
uc011byt.1	51.0	32.0	1416.0
uc003hfo.3	434.0	199.0	1440.0
uc003hom.3	107.0	179.0	3306.0
uc010ikb.3	107.0	179.0	3105.0
uc003hol.4	NA	NA	NA
uc010ikc.3	NA	NA	NA
uc003hon.1	0.0	612.0	873.0
uc003hoo.1	29.0	98.0	951.0
uc003hop.1	29.0	612.0	744.0
uc003hoq.1	29.0	179.0	1062.0
uc011cdq.2	2579.0	357.0	2010.0
uc003hsc.2	2579.0	357.0	2052.0
uc003hsd.2	2579.0	357.0	2010.0
uc003hsb.2	2579.0	357.0	2094.0
uc011cdp.2	2579.0	146.0	378.0
uc003hse.2	2579.0	231.0	3072.0
uc003hsf.2	2579.0	680.0	1830.0
uc003hsa.2	2579.0	577.0	1401.0
uc003hsg.2	2.0	1187.0	1272.0
uc010ikr.2	1.0	814.0	648.0
uc003hsh.1	2.0	1016.0	975.0
uc003icf.3	620.0	116.0	1371.0
uc003igj.3	2380.0	280.0	1530.0
uc003igl.3	2962.0	280.0	2493.0
uc003igk.3	2962.0	280.0	2529.0
uc011cgy.2	2962.0	314.0	2529.0
uc003igm.3	2380.0	104.0	1530.0
uc003ihl.3	467.0	193.0	1296.0
uc003ihk.1	493.0	193.0	504.0
uc010ioj.3	1413.0	272.0	3801.0
uc003ilb.3	149.0	395.0	1470.0
uc003ilc.3	149.0	142.0	2538.0
uc003ild.3	149.0	332.0	2199.0
uc003ilo.4	1209.0	754.0	2352.0
uc003ilp.4	NA	NA	NA
uc003ilm.4	1209.0	754.0	2301.0
uc003imj.2	878.0	575.0	3123.0
uc003imq.3	1623.0	228.0	1884.0
uc011cii.2	1623.0	212.0	2124.0
uc003ims.3	1623.0	162.0	2124.0
uc003imr.3	1623.0	177.0	1770.0
uc003imt.3	1623.0	370.0	2124.0
uc011cih.2	1623.0	77.0	1596.0
uc003imu.3	113.0	327.0	531.0
uc021xtb.1	0.0	277.0	501.0
uc021xtc.1	0.0	420.0	501.0
uc021xta.1	0.0	184.0	501.0
uc021xsz.1	0.0	234.0	501.0
uc021xsy.1	0.0	444.0	501.0
uc003isa.1	2263.0	335.0	2667.0
uc010irc.1	0.0	440.0	1239.0
uc003ivs.1	144.0	129.0	843.0
uc011ckk.1	144.0	184.0	723.0
uc011cle.1	100.0	222.0	1389.0
uc003izl.2	100.0	372.0	1164.0
uc003izk.1	100.0	418.0	588.0
uc003izj.1	100.0	594.0	648.0
uc011clf.1	361.0	248.0	666.0
uc003jam.1	537.0	100.0	783.0
uc010isy.3	3456.0	216.0	1644.0
uc003jaw.3	3456.0	43.0	2106.0
uc003jav.3	3456.0	43.0	2160.0
uc010isz.3	3456.0	86.0	2094.0
uc003jax.3	3456.0	657.0	1383.0
uc003jay.3	3456.0	400.0	1674.0
uc003jaz.3	3456.0	948.0	957.0
uc003jbe.2	160.0	112.0	2505.0
uc011clx.1	160.0	112.0	2478.0
uc003jbf.3	398.0	72.0	1944.0
uc011clz.1	NA	NA	NA
uc003jbh.4	5240.0	122.0	660.0
uc003jbg.4	5240.0	718.0	660.0
uc003jcl.3	2224.0	145.0	327.0
uc003jcm.3	2224.0	117.0	1605.0
uc003jdx.1	2103.0	129.0	1629.0
uc011cmn.2	2103.0	129.0	1626.0
uc010itl.1	2103.0	271.0	1089.0
uc021xwp.1	7703.0	145.0	1485.0
uc003jff.3	927.0	6.0	9294.0
uc003jfg.3	NA	NA	NA
uc011cna.1	270.0	152.0	4527.0
uc003jfh.1	845.0	0.0	6639.0
uc003jfq.3	138.0	120.0	1434.0
uc003jfr.3	1703.0	386.0	1071.0
uc003jfs.3	1703.0	87.0	1494.0
uc003jft.4	4785.0	468.0	6177.0
uc010itx.3	4785.0	71.0	5043.0
uc011cne.2	4785.0	425.0	4248.0
uc011cnb.2	4785.0	175.0	2064.0
uc011cnd.2	4785.0	252.0	4248.0
uc011cnc.2	4785.0	79.0	2814.0
uc003jfu.2	1.0	468.0	627.0
uc003jfv.2	927.0	468.0	294.0
uc011cop.3	NA	NA	NA
uc003jjs.4	3117.0	103.0	1380.0
uc011coo.3	131.0	103.0	786.0
uc003jos.3	778.0	985.0	1158.0
uc003jri.4	1927.0	1667.0	909.0
uc003jrh.4	1927.0	1274.0	1422.0
uc003jrj.4	1927.0	1010.0	1398.0
uc003jrk.4	1927.0	57.0	1443.0
uc021xyv.1	1927.0	510.0	909.0
uc011cul.1	NA	NA	NA
uc003kkr.4	556.0	80.0	3177.0
uc003kks.3	556.0	490.0	1269.0
uc011cwc.2	1741.0	327.0	2151.0
uc003kqt.3	1741.0	739.0	1722.0
uc003kqs.3	1741.0	509.0	2187.0
uc003kqu.2	1.0	509.0	183.0
uc003kqv.3	211.0	509.0	186.0
uc010jea.3	1045.0	393.0	945.0
uc003lgr.4	1314.0	114.0	1152.0
uc011czl.1	431.0	103.0	474.0
uc003ljg.3	505.0	740.0	1050.0
uc003lqk.2	1004.0	62.0	1485.0
uc003lql.2	1004.0	65.0	1434.0
uc010jgz.2	1004.0	65.0	1257.0
uc003lqm.2	1004.0	2042.0	1131.0
uc003lqn.2	1004.0	579.0	1215.0
uc003lwm.4	290.0	108.0	702.0
uc010jik.3	290.0	392.0	702.0
uc021ygl.1	0.0	0.0	702.0
uc011dec.2	2270.0	57.0	1563.0
uc003lxv.4	2270.0	57.0	1683.0
uc011ded.2	1042.0	57.0	2268.0
uc003lyf.1	558.0	538.0	1785.0
uc003lye.1	558.0	464.0	1785.0
uc021yhc.1	0.0	0.0	1785.0
uc003mbo.1	2812.0	300.0	2907.0
uc003mbp.1	2184.0	126.0	705.0
uc003meo.1	1006.0	175.0	3027.0
uc021yif.1	0.0	0.0	3027.0
uc003mew.3	1526.0	229.0	792.0
uc003mes.3	2094.0	229.0	567.0
uc003meu.3	1360.0	229.0	990.0
uc003met.3	1360.0	229.0	999.0
uc021yiw.1	394.0	286.0	1347.0
uc003mht.3	394.0	594.0	1347.0
uc003mhv.3	394.0	1141.0	1347.0
uc003mhu.3	394.0	89.0	2469.0
uc003mhw.3	NA	NA	NA
uc003mhr.3	394.0	495.0	981.0
uc003mjl.3	132.0	226.0	1839.0
uc003mjm.3	132.0	361.0	1839.0
uc011dgt.1	544.0	44.0	690.0
uc003mky.2	544.0	133.0	681.0
uc011dgu.1	544.0	44.0	525.0
uc003mlc.3	125.0	44.0	867.0
uc003mlb.3	125.0	357.0	630.0
uc003mla.3	125.0	44.0	1032.0
uc003mlh.3	1377.0	35.0	3753.0
uc003mlf.3	1377.0	848.0	975.0
uc003mlg.3	1377.0	143.0	1230.0
uc003mlj.3	1377.0	35.0	3699.0
uc003mli.3	1377.0	35.0	3702.0
uc011dgv.2	1377.0	660.0	1230.0
uc011dgw.1	100.0	388.0	765.0
uc003mlk.1	1415.0	42.0	561.0
uc003mne.2	1033.0	737.0	1893.0
uc003mnf.2	NA	NA	NA
uc003mnd.2	429.0	737.0	1557.0
uc003mnc.2	4937.0	737.0	936.0
uc010jlq.1	518.0	57.0	387.0
uc003mng.1	1033.0	342.0	633.0
uc003mud.3	NA	NA	NA
uc003mvn.3	4082.0	600.0	1218.0
uc003mvo.3	4082.0	355.0	1218.0
uc003mvm.3	4082.0	0.0	2061.0
uc003mvp.1	NA	NA	NA
uc010jnn.3	251.0	0.0	1839.0
uc010jno.2	506.0	0.0	1086.0
uc003mxu.4	1385.0	178.0	1542.0
uc003nat.2	1388.0	747.0	1173.0
uc003nas.2	1388.0	229.0	864.0
uc021ylt.1	1388.0	284.0	864.0
uc031smu.1	0.0	0.0	864.0
uc021ylu.1	1167.0	747.0	447.0
uc003nav.3	NA	NA	NA
uc003nau.3	NA	NA	NA
uc011dji.2	2601.0	397.0	1041.0
uc003ncx.2	2601.0	230.0	1488.0
uc003nfm.4	3642.0	589.0	1398.0
uc010jqd.4	3642.0	457.0	306.0
uc011dks.2	NA	NA	NA
uc011dlb.1	404.0	97.0	1173.0
uc003nks.1	404.0	244.0	1638.0
uc003nkz.3	265.0	440.0	2430.0
uc003nky.3	265.0	420.0	2430.0
uc010jrc.3	2892.0	333.0	1617.0
uc003nlf.4	2892.0	196.0	1173.0
uc003nle.4	2892.0	216.0	1617.0
uc010jre.3	NA	NA	NA
uc011dlh.2	1504.0	179.0	1836.0
uc003npr.3	1421.0	209.0	1620.0
uc010jry.3	1421.0	1486.0	810.0
uc003npt.3	1421.0	344.0	1620.0
uc003nps.3	1421.0	565.0	1620.0
uc003npu.1	0.0	249.0	438.0
uc003nst.3	1498.0	770.0	1038.0
uc003nss.3	1498.0	524.0	1038.0
uc003nvc.4	191.0	286.0	6474.0
uc003nvb.4	191.0	249.0	6474.0
uc011dnv.1	NA	NA	NA
uc003nvm.1	765.0	825.0	885.0
uc003nzr.3	24.0	270.0	1050.0
uc021yvh.1	0.0	0.0	1050.0
uc011dtb.2	2112.0	195.0	1209.0
uc011dtc.2	2112.0	309.0	1032.0
uc003okm.3	2112.0	309.0	1326.0
uc003okn.3	2112.0	405.0	1326.0
uc003okl.3	609.0	309.0	1086.0
uc010jvv.1	NA	NA	NA
uc003oom.2	NA	NA	NA
uc003ook.1	1368.0	0.0	552.0
uc003orl.3	340.0	336.0	1314.0
uc003osl.3	537.0	73.0	1041.0
uc010jyv.3	1133.0	153.0	1545.0
uc003ovs.3	1133.0	37.0	1809.0
uc003ovu.3	418.0	208.0	921.0
uc003ovv.3	418.0	36.0	825.0
uc010jyx.3	1924.0	498.0	954.0
uc003owd.3	1940.0	498.0	1065.0
uc003owb.3	43.0	1038.0	432.0
uc003owf.3	1924.0	498.0	1188.0
uc003owg.3	1924.0	498.0	1170.0
uc003owh.3	1924.0	498.0	1239.0
uc003owe.3	1924.0	498.0	1116.0
uc021yzu.1	1924.0	501.0	1053.0
uc003owj.3	1924.0	498.0	984.0
uc003owi.3	1858.0	498.0	1116.0
uc003owk.3	NA	NA	NA
uc003oxe.1	1053.0	25.0	1503.0
uc003pdm.2	1831.0	244.0	3186.0
uc003pdn.2	1831.0	244.0	3042.0
uc011dxn.3	7618.0	244.0	1680.0
uc003pdk.2	464.0	244.0	2799.0
uc003pdl.4	32.0	244.0	3126.0
uc003pdo.4	7618.0	99.0	1491.0
uc003pwn.3	2796.0	90.0	1245.0
uc011ebf.1	1.0	698.0	669.0
uc003pwp.4	3658.0	287.0	1314.0
uc003pwq.1	1602.0	640.0	420.0
uc003pws.3	934.0	194.0	2877.0
uc003pwr.3	NA	NA	NA
uc011ebg.2	934.0	99.0	2934.0
uc003pwt.3	934.0	228.0	2877.0
uc003pwu.3	934.0	903.0	1878.0
uc003pzr.3	578.0	534.0	924.0
uc003pzt.3	NA	NA	NA
uc003pzs.3	618.0	338.0	828.0
uc021zes.1	867.0	136.0	1080.0
uc021zew.1	867.0	466.0	1080.0
uc021zev.1	867.0	597.0	1077.0
uc021zeu.1	867.0	686.0	1077.0
uc021zet.1	867.0	706.0	1077.0
uc021zex.1	867.0	555.0	1077.0
uc003qat.3	867.0	436.0	1077.0
uc003qaw.3	867.0	468.0	1077.0
uc003qau.3	867.0	327.0	1077.0
uc003qav.3	867.0	196.0	1080.0
uc021zey.1	0.0	0.0	1077.0
uc003qku.3	2112.0	79.0	534.0
uc003qkv.3	391.0	357.0	954.0
uc003qkx.3	2112.0	192.0	582.0
uc010khr.3	2191.0	357.0	675.0
uc003qkw.3	2112.0	357.0	996.0
uc003qme.1	3490.0	475.0	3744.0
uc011eeb.1	0.0	102.0	2631.0
uc003qmf.1	3490.0	1303.0	1974.0
uc011eej.1	1169.0	23.0	360.0
uc003qns.3	22.0	81.0	735.0
uc011eek.1	1.0	81.0	480.0
uc003qpg.3	640.0	109.0	1344.0
uc003qph.3	640.0	407.0	1206.0
uc011efo.2	157.0	1357.0	1578.0
uc003qrf.3	5130.0	1357.0	4632.0
uc003qrg.3	5224.0	1357.0	2037.0
uc003qwy.3	376.0	520.0	2193.0
uc003qwx.3	384.0	520.0	2688.0
uc003qwv.2	NA	NA	NA
uc003qwz.1	612.0	103.0	621.0
uc011egw.1	NA	NA	NA
uc010kkx.3	2713.0	520.0	339.0
uc011eks.2	1421.0	209.0	1620.0
uc011ekt.2	1421.0	565.0	1620.0
uc011ekv.2	1421.0	344.0	1620.0
uc011eku.2	1421.0	1486.0	810.0
uc011ekw.1	0.0	249.0	438.0
uc011exj.2	1421.0	209.0	1620.0
uc011exk.2	1421.0	565.0	1620.0
uc011exm.2	1421.0	344.0	1620.0
uc011exl.2	1421.0	1486.0	810.0
uc011exn.1	0.0	249.0	438.0
uc011fbu.2	1499.0	524.0	1038.0
uc011fbv.2	1499.0	770.0	1038.0
uc011ffb.1	NA	NA	NA
uc011ffc.2	191.0	249.0	6474.0
uc011ffd.2	191.0	286.0	6474.0
uc011ffo.1	766.0	825.0	885.0
uc011fkt.2	24.0	270.0	1050.0
uc011fvw.2	1421.0	209.0	1620.0
uc011fvx.2	1421.0	565.0	1620.0
uc011fvz.2	1421.0	344.0	1620.0
uc011fvy.2	1421.0	1486.0	810.0
uc011fwa.1	0.0	249.0	438.0
uc011gag.2	1499.0	524.0	1038.0
uc011gah.2	1499.0	770.0	1038.0
uc011gcy.1	NA	NA	NA
uc011gcz.2	191.0	249.0	6474.0
uc011gda.2	191.0	286.0	6474.0
uc011gdl.1	765.0	825.0	885.0
uc011giy.2	24.0	270.0	1050.0
uc011grz.2	1421.0	209.0	1620.0
uc011gsa.2	1421.0	565.0	1620.0
uc011gsc.2	1421.0	344.0	1620.0
uc011gsb.2	1421.0	1486.0	810.0
uc011gsd.1	0.0	249.0	438.0
uc011gwh.2	1499.0	524.0	1038.0
uc011gwi.2	1499.0	770.0	1038.0
uc011gze.1	NA	NA	NA
uc011gzf.2	191.0	249.0	6474.0
uc011gzg.2	191.0	286.0	6474.0
uc011gzr.1	766.0	825.0	885.0
uc011hlg.2	1421.0	209.0	1620.0
uc011hlh.2	1421.0	407.0	1620.0
uc011hlj.2	1421.0	186.0	1620.0
uc011hli.2	1421.0	1328.0	810.0
uc011hlk.1	0.0	249.0	438.0
uc011hos.2	1499.0	524.0	1038.0
uc011hot.2	1499.0	770.0	1038.0
uc011hrx.1	NA	NA	NA
uc011hry.2	191.0	249.0	6474.0
uc011hrz.2	191.0	286.0	6474.0
uc011hsk.1	765.0	825.0	885.0
uc011hxf.2	24.0	270.0	1050.0
uc011ihy.2	1421.0	209.0	1620.0
uc011ihz.2	1421.0	565.0	1620.0
uc011iib.2	1421.0	344.0	1620.0
uc011iia.2	1421.0	1486.0	810.0
uc011iic.1	0.0	249.0	438.0
uc011imf.2	1499.0	524.0	1038.0
uc011img.2	1499.0	770.0	1038.0
uc011iph.1	NA	NA	NA
uc011ipi.2	191.0	249.0	6474.0
uc011ipj.2	191.0	286.0	6474.0
uc011ipu.1	765.0	825.0	885.0
uc011jfc.2	1421.0	209.0	1620.0
uc011jfd.2	1421.0	565.0	1620.0
uc011jff.2	1421.0	344.0	1620.0
uc011jfe.2	1421.0	1486.0	810.0
uc011jfg.1	0.0	249.0	438.0
uc011jhp.2	1499.0	524.0	1038.0
uc011jhq.2	1499.0	770.0	1038.0
uc011jku.1	NA	NA	NA
uc011jkv.2	191.0	249.0	6474.0
uc011jkw.2	191.0	286.0	6474.0
uc011jlh.1	765.0	825.0	885.0
uc021zyu.1	697.0	177.0	1245.0
uc003smd.3	697.0	191.0	1245.0
uc003smc.3	697.0	163.0	1245.0
uc021zyv.1	0.0	0.0	1245.0
uc003smt.3	3074.0	329.0	969.0
uc003smu.3	3074.0	164.0	1146.0
uc011jwb.2	3074.0	164.0	1095.0
uc003soi.4	1314.0	349.0	8907.0
uc003soj.3	522.0	21.0	624.0
uc010ksx.1	1.0	247.0	1929.0
uc003sok.1	885.0	159.0	393.0
uc003son.4	5978.0	94.0	2157.0
uc003soo.2	629.0	94.0	2406.0
uc003sqd.4	721.0	280.0	1896.0
uc011jwv.2	NA	NA	NA
uc003sqc.3	721.0	459.0	1176.0
uc003sqb.3	721.0	430.0	1176.0
uc011jwu.2	721.0	170.0	1632.0
uc003sqa.3	721.0	170.0	2019.0
uc011jwt.2	721.0	54.0	1461.0
uc003spz.3	721.0	768.0	1110.0
uc003spy.3	721.0	1014.0	657.0
uc011jww.1	NA	NA	NA
uc010ktm.1	732.0	223.0	246.0
uc003srb.3	4922.0	223.0	1092.0
uc003sra.4	4922.0	62.0	1092.0
uc010kto.2	0.0	17.0	930.0
uc003syz.1	NA	NA	NA
uc003szb.1	1318.0	29.0	1167.0
uc003tav.3	1111.0	523.0	2862.0
uc010kvs.2	395.0	523.0	750.0
uc010kvu.2	NA	NA	NA
uc010kvt.2	NA	NA	NA
uc003tay.2	NA	NA	NA
uc003tax.3	340.0	189.0	285.0
uc003tdb.2	1179.0	659.0	1872.0
uc003thi.4	2154.0	282.0	4359.0
uc003thh.4	2154.0	282.0	4539.0
uc011kbf.2	722.0	631.0	975.0
uc003thj.3	2154.0	2253.0	1692.0
uc003thk.3	2154.0	504.0	1338.0
uc003tih.3	2537.0	151.0	1245.0
uc003tiu.3	765.0	2237.0	2667.0
uc003tix.3	765.0	57.0	2769.0
uc003tiv.3	765.0	1016.0	2571.0
uc003tiw.3	765.0	57.0	2796.0
uc011kbj.2	765.0	503.0	2667.0
uc003tiz.3	765.0	381.0	2667.0
uc003tiy.3	765.0	181.0	2667.0
uc003tkz.3	3645.0	186.0	1086.0
uc010kye.3	NA	NA	NA
uc003tme.3	8117.0	13.0	939.0
uc003tmn.3	NA	NA	NA
uc003tmo.3	413.0	146.0	1335.0
uc003tmp.3	413.0	146.0	1161.0
uc003tmr.3	413.0	146.0	1062.0
uc011kcb.2	643.0	71.0	783.0
uc011kcc.2	604.0	71.0	546.0
uc003tms.3	413.0	71.0	1398.0
uc003tpb.3	1129.0	245.0	1692.0
uc003tpd.3	1129.0	370.0	2025.0
uc003tpc.3	1129.0	377.0	2025.0
uc003tpe.3	1129.0	815.0	2025.0
uc010kyy.3	1129.0	209.0	2025.0
uc022ada.1	0.0	0.0	2025.0
uc003tys.1	1825.0	28.0	681.0
uc003uan.3	2095.0	327.0	3036.0
uc003uam.3	2095.0	327.0	3141.0
uc003uao.3	71.0	333.0	768.0
uc010ldt.1	635.0	44.0	2541.0
uc003ugn.3	244.0	227.0	402.0
uc022ago.1	0.0	0.0	402.0
uc011kis.2	888.0	209.0	11493.0
uc003upp.3	888.0	209.0	11580.0
uc003upr.3	888.0	124.0	10698.0
uc003uqp.3	125.0	219.0	189.0
uc003uqq.1	106.0	219.0	1278.0
uc010lfw.1	106.0	748.0	993.0
uc003uqr.1	106.0	430.0	1104.0
uc003uqs.3	298.0	161.0	1686.0
uc003uqt.3	298.0	655.0	1065.0
uc003uqu.1	807.0	161.0	654.0
uc003uqv.3	1573.0	124.0	2520.0
uc010lfx.3	1573.0	186.0	2520.0
uc003uqw.3	1573.0	251.0	2520.0
uc003uqx.3	1573.0	251.0	2301.0
uc003uqy.3	1573.0	1447.0	1728.0
uc003urb.3	386.0	292.0	1722.0
uc003ura.3	386.0	380.0	1722.0
uc022aia.1	0.0	0.0	1722.0
uc003uxq.3	1028.0	231.0	2268.0
uc003uxr.3	2.0	231.0	906.0
uc022aiw.1	0.0	0.0	2268.0
uc003uzj.3	9769.0	145.0	765.0
uc003uzk.3	9769.0	249.0	765.0
uc011kks.2	9769.0	247.0	534.0
uc031syr.1	9769.0	277.0	765.0
uc010lhz.2	9769.0	254.0	765.0
uc003uzm.3	1174.0	166.0	690.0
uc003uzl.3	1174.0	38.0	909.0
uc003vli.4	924.0	1049.0	1842.0
uc003vly.1	1514.0	712.0	1995.0
uc003vlx.1	1514.0	263.0	1995.0
uc003vlw.1	1514.0	255.0	1704.0
uc010lla.2	511.0	712.0	1998.0
uc003vma.3	1386.0	418.0	2328.0
uc003vsh.3	1955.0	357.0	393.0
uc003vsk.3	1132.0	566.0	210.0
uc003vsl.3	831.0	313.0	474.0
uc003vso.3	831.0	295.0	309.0
uc003vsj.3	831.0	226.0	387.0
uc022alz.1	1132.0	191.0	210.0
uc022ama.1	831.0	211.0	309.0
uc003vsm.3	1132.0	313.0	210.0
uc022amb.1	1132.0	387.0	210.0
uc010lmr.2	NA	NA	NA
uc003vsp.2	2313.0	62.0	2244.0
uc010lmq.2	2313.0	1671.0	1011.0
uc003wfm.3	1600.0	105.0	2016.0
uc011kun.1	383.0	105.0	1392.0
uc003wfo.3	1842.0	15.0	729.0
uc003wfn.3	121.0	15.0	1008.0
uc010lpi.2	1591.0	271.0	1938.0
uc003wfw.2	1591.0	271.0	1935.0
uc003whd.2	1099.0	417.0	1671.0
uc010lpq.1	1099.0	489.0	1704.0
uc010lpr.1	1099.0	193.0	1875.0
uc003whc.2	1099.0	166.0	1704.0
uc003whe.2	1099.0	73.0	1704.0
uc022apt.1	0.0	368.0	468.0
uc003wsh.4	418.0	0.0	4209.0
uc003wsj.1	1533.0	563.0	3159.0
uc003wso.4	4540.0	313.0	858.0
uc003wsn.4	4540.0	165.0	858.0
uc022arp.1	0.0	0.0	858.0
uc003xaq.1	428.0	643.0	972.0
uc003xar.1	1458.0	94.0	729.0
uc003xbk.4	1650.0	694.0	993.0
uc003xbj.4	1650.0	572.0	993.0
uc011kzl.2	843.0	120.0	1074.0
uc003xce.3	843.0	120.0	1098.0
uc003xcf.3	931.0	120.0	903.0
uc010ltw.3	988.0	156.0	600.0
uc003xcl.3	988.0	97.0	762.0
uc003xcp.2	2728.0	283.0	2250.0
uc011kzp.1	2728.0	24.0	2205.0
uc003xcq.2	2728.0	537.0	2184.0
uc031taq.1	2824.0	301.0	498.0
uc003xgz.2	2824.0	756.0	2760.0
uc031tar.1	NA	NA	NA
uc010lve.3	NA	NA	NA
uc003xhd.4	1570.0	342.0	1263.0
uc010lvd.3	207.0	342.0	1191.0
uc003xhe.3	1570.0	400.0	1263.0
uc011lay.2	1570.0	57.0	1332.0
uc003xhf.3	1570.0	13.0	1221.0
uc003xhg.3	1717.0	13.0	1182.0
uc010lvy.3	1631.0	386.0	3366.0
uc003xki.3	163.0	386.0	558.0
uc003xkj.3	1631.0	386.0	4017.0
uc003xkl.2	3948.0	490.0	1839.0
uc003xkn.2	3948.0	56.0	1950.0
uc003xkm.2	3948.0	56.0	3852.0
uc003xko.1	4070.0	391.0	1653.0
uc003xkp.1	4070.0	651.0	1308.0
uc003xmn.3	2524.0	294.0	516.0
uc003xmm.3	2524.0	395.0	516.0
uc003xmk.3	2524.0	83.0	645.0
uc003xml.3	2524.0	601.0	516.0
uc011lcr.2	1674.0	268.0	2094.0
uc010lxi.2	NA	NA	NA
uc011lcq.2	1674.0	69.0	2265.0
uc003xov.3	169.0	186.0	1263.0
uc010lxh.2	1340.0	218.0	1284.0
uc011lco.2	NA	NA	NA
uc003xox.2	1674.0	1079.0	1434.0
uc010lxj.2	1674.0	268.0	1602.0
uc003xow.2	1674.0	186.0	2271.0
uc011lcp.2	NA	NA	NA
uc022auj.1	1674.0	399.0	246.0
uc003xqh.1	397.0	44.0	810.0
uc003xtj.1	2375.0	880.0	1113.0
uc022auu.1	0.0	0.0	1113.0
uc003xwa.3	504.0	104.0	1098.0
uc003ybm.3	1178.0	200.0	915.0
uc003ybl.3	1178.0	200.0	927.0
uc010lzq.3	1178.0	153.0	558.0
uc003ybv.5	6737.0	165.0	1740.0
uc022awr.2	NA	NA	NA
uc010lzt.4	6737.0	598.0	2610.0
uc003ybx.5	6737.0	598.0	2616.0
uc022awq.2	6737.0	598.0	2544.0
uc003ygf.3	2395.0	229.0	1689.0
uc003yge.3	2395.0	269.0	1614.0
uc010max.3	2395.0	276.0	1689.0
uc011lgm.2	2395.0	316.0	1614.0
uc031tbs.1	2395.0	24.0	1767.0
uc022ayg.1	0.0	0.0	1614.0
uc003yra.4	751.0	121.0	1347.0
uc003yrx.3	1931.0	582.0	1119.0
uc011lis.2	1931.0	195.0	621.0
uc010mdn.3	1931.0	108.0	426.0
uc003yvw.1	1183.0	239.0	426.0
uc003yvx.3	687.0	87.0	639.0
uc003yvy.3	1568.0	278.0	3597.0
uc010mep.3	1568.0	50.0	3480.0
uc003yvz.1	645.0	729.0	1509.0
uc003ywa.1	2889.0	797.0	801.0
uc003ywb.3	1568.0	643.0	747.0
uc022bbx.1	NA	NA	NA
uc003ywc.1	5016.0	308.0	2154.0
uc003ywd.1	671.0	308.0	2397.0
uc010meq.1	801.0	56.0	2268.0
uc003yyx.2	483.0	0.0	1929.0
uc003yzk.3	1980.0	69.0	3540.0
uc022bch.1	0.0	318.0	612.0
uc003zau.3	47.0	110.0	738.0
uc003zcv.2	447.0	195.0	1089.0
uc003zcw.2	310.0	309.0	579.0
uc003zcx.2	310.0	587.0	579.0
uc003zcy.2	310.0	273.0	579.0
uc003zdk.3	3697.0	188.0	1482.0
uc003zdl.3	3697.0	255.0	1482.0
uc003zdt.1	1243.0	555.0	3252.0
uc011llk.1	1243.0	205.0	3252.0
uc003zds.1	1243.0	555.0	3345.0
uc003zeg.4	53.0	137.0	2061.0
uc010mge.3	53.0	137.0	2094.0
uc011lln.2	53.0	298.0	1773.0
uc003zeh.2	1331.0	137.0	447.0
uc003zek.4	53.0	3816.0	1773.0
uc003zel.1	NA	NA	NA
uc003zeo.4	498.0	330.0	675.0
uc003zen.3	498.0	286.0	675.0
uc003zem.3	498.0	131.0	675.0
uc010mgf.2	116.0	1263.0	675.0
uc022bcr.1	0.0	0.0	675.0
uc003zet.3	380.0	187.0	2049.0
uc003zeu.3	380.0	101.0	2049.0
uc003znj.3	422.0	286.0	942.0
uc003zox.3	NA	NA	NA
uc003zoy.3	1987.0	571.0	1854.0
uc003zpn.3	3387.0	360.0	237.0
uc003zpo.3	3084.0	360.0	417.0
uc022beo.1	0.0	0.0	237.0
uc011lob.2	1311.0	101.0	3285.0
uc010mjv.3	1311.0	101.0	3432.0
uc003zta.3	1311.0	101.0	2100.0
uc003zsy.3	1311.0	375.0	603.0
uc003zsz.3	1311.0	101.0	3441.0
uc003ztb.1	21.0	101.0	3072.0
uc010mkb.3	9.0	211.0	1770.0
uc003zua.4	2000.0	120.0	4107.0
uc003zzx.3	2415.0	200.0	2034.0
uc022bgv.1	0.0	0.0	2034.0
uc004aab.3	1655.0	49.0	2871.0
uc004aac.3	1655.0	80.0	2919.0
uc004aad.3	1655.0	51.0	1521.0
uc004aax.3	3923.0	568.0	1530.0
uc011ltm.1	1611.0	572.0	2217.0
uc011lto.1	NA	NA	NA
uc011ltn.1	NA	NA	NA
uc004aql.2	NA	NA	NA
uc004aqm.2	NA	NA	NA
uc004aqo.1	1467.0	572.0	2589.0
uc004aqp.1	1467.0	364.0	2589.0
uc004arh.3	301.0	395.0	1389.0
uc022bjt.1	0.0	0.0	1389.0
uc004axw.1	243.0	2492.0	1017.0
uc004axv.1	243.0	77.0	1326.0
uc010msq.1	1.0	539.0	756.0
uc022bku.1	1984.0	77.0	483.0
uc004ayk.3	3799.0	341.0	519.0
uc004ayl.3	3799.0	266.0	1578.0
uc004aym.3	3799.0	116.0	1578.0
uc004ayn.2	1301.0	116.0	291.0
uc022bkz.1	1185.0	214.0	480.0
uc004baw.3	768.0	214.0	828.0
uc022bla.1	768.0	175.0	828.0
uc022blb.1	768.0	182.0	828.0
uc004bax.3	NA	NA	NA
uc031tep.1	1011.0	648.0	1596.0
uc011lvk.2	1011.0	303.0	1836.0
uc004bbh.2	1011.0	303.0	1881.0
uc004bbi.2	1011.0	303.0	1839.0
uc004bbg.2	1011.0	523.0	1755.0
uc031teq.1	2713.0	303.0	258.0
uc022ble.1	1011.0	1927.0	1596.0
uc004bgq.3	1225.0	117.0	432.0
uc011lxb.2	392.0	117.0	408.0
uc004bhk.3	181.0	515.0	756.0
uc004bhi.1	181.0	784.0	756.0
uc022bme.1	0.0	0.0	756.0
uc011lyd.1	NA	NA	NA
uc004boz.1	NA	NA	NA
uc004bpa.4	477.0	86.0	462.0
uc004bql.3	4295.0	273.0	1404.0
uc010mxf.3	4295.0	150.0	1404.0
uc022bnm.1	0.0	0.0	1404.0
uc004bqm.4	4963.0	97.0	1503.0
uc022bnn.1	0.0	0.0	1503.0
uc004bse.2	1230.0	123.0	1119.0
uc004bta.3	2195.0	219.0	984.0
uc004buq.1	433.0	10.0	996.0
uc011mbt.2	3186.0	225.0	1029.0
uc004byg.2	3749.0	170.0	594.0
uc010myx.2	3186.0	170.0	1179.0
uc004byf.2	3186.0	170.0	1266.0
uc004bye.1	3186.0	916.0	1041.0
uc004byl.3	1030.0	77.0	999.0
uc004byn.3	1055.0	77.0	594.0
uc011mca.1	NA	NA	NA
uc011mbz.1	1291.0	21.0	804.0
uc004bzu.2	1291.0	21.0	882.0
uc004bzv.3	1992.0	439.0	3450.0
uc004bzw.3	1992.0	3.0	3393.0
uc004cak.3	2744.0	340.0	852.0
uc004caj.3	2744.0	70.0	843.0
uc004cfa.1	4411.0	273.0	531.0
uc004cfb.2	3971.0	162.0	1389.0
uc004cfc.1	3971.0	923.0	1098.0
uc004cfd.1	4727.0	77.0	861.0
uc004cgr.4	2822.0	0.0	4809.0
uc010nbg.3	2822.0	532.0	3975.0
uc004cgq.4	2822.0	203.0	4479.0
uc004cgx.5	1900.0	525.0	420.0
uc031tfs.1	1900.0	484.0	420.0
uc004cgy.2	NA	NA	NA
uc031tft.1	0.0	0.0	420.0
uc010nbn.3	1659.0	319.0	7005.0
uc004chx.3	1659.0	309.0	7074.0
uc004chw.3	1659.0	69.0	6999.0
uc004chv.4	1659.0	0.0	5184.0
uc004chu.3	1659.0	36.0	1695.0
uc004cht.3	1659.0	50.0	1224.0
uc004chs.3	1659.0	401.0	594.0
uc004chr.3	1659.0	263.0	1158.0
uc011mea.2	1659.0	87.0	594.0
uc004chq.3	1659.0	30.0	603.0
uc004chp.3	NA	NA	NA
uc010nbo.1	0.0	187.0	3567.0
uc004chz.3	1627.0	0.0	7668.0
uc004cia.1	482.0	117.0	3120.0
uc011men.2	2532.0	116.0	1185.0
uc010ncb.3	1809.0	32.0	1524.0
uc004cla.4	1809.0	236.0	1155.0
uc010ncc.3	NA	NA	NA
uc004clc.3	1.0	501.0	1527.0
uc011mep.3	1221.0	73.0	2196.0
uc011meo.2	596.0	501.0	1803.0
uc004cld.3	596.0	73.0	2100.0
uc004clf.1	596.0	2231.0	1119.0
uc004clv.3	921.0	224.0	411.0
uc004cly.3	3049.0	111.0	1566.0
uc011mes.2	2945.0	111.0	1773.0
uc004clw.3	2945.0	111.0	1794.0
uc004clx.3	2945.0	111.0	1821.0
uc004cmn.3	2680.0	117.0	1272.0
uc022bqh.1	0.0	0.0	1272.0
uc004cnz.3	337.0	584.0	531.0
uc004coa.3	243.0	37.0	2427.0
uc004cob.1	133.0	66.0	2478.0
uc011mfc.2	1173.0	37.0	3897.0
uc010ncn.1	NA	NA	NA
uc004coe.3	1173.0	638.0	612.0
uc031tgg.1	1087.0	493.0	1701.0
uc011mgd.2	1087.0	493.0	1602.0
uc031tgh.1	1087.0	493.0	1506.0
uc010ndr.3	3494.0	376.0	1581.0
uc004csq.4	3494.0	511.0	1581.0
uc010ndq.3	3494.0	368.0	1734.0
uc004csr.3	3494.0	487.0	1734.0
uc004css.3	3494.0	588.0	1587.0
uc004ctk.4	4058.0	331.0	2004.0
uc004cth.4	4058.0	401.0	1890.0
uc004ctg.4	4058.0	401.0	2004.0
uc004cte.4	4058.0	190.0	2004.0
uc004ctd.4	4058.0	250.0	1137.0
uc004ctc.4	4058.0	166.0	1305.0
uc004ctb.4	4058.0	195.0	984.0
uc004cta.4	4058.0	130.0	1272.0
uc004csz.4	4058.0	54.0	1020.0
uc004ctj.4	4058.0	323.0	2004.0
uc004cti.4	4058.0	193.0	2004.0
uc011mie.1	NA	NA	NA
uc004ctl.2	247.0	130.0	738.0
uc004ctm.2	247.0	56.0	1623.0
uc004ctn.2	247.0	56.0	1470.0
uc004cto.2	247.0	56.0	1356.0
uc004cts.1	1.0	235.0	441.0
uc004ctq.1	1.0	325.0	441.0
uc004ctr.1	1.0	186.0	441.0
uc010ndu.1	1.0	116.0	441.0
uc010ndv.1	1.0	131.0	273.0
uc010ndw.1	1.0	372.0	273.0
uc004ctp.1	NA	NA	NA
uc010ndx.2	NA	NA	NA
uc004ctt.3	2.0	56.0	1197.0
uc004ctu.3	2.0	56.0	1044.0
uc004ctv.3	2.0	56.0	1083.0
uc004ctw.3	2.0	56.0	930.0
uc010ndy.2	2.0	56.0	936.0
uc004ctx.3	NA	NA	NA
uc010ndz.1	NA	NA	NA
uc004cty.3	1100.0	56.0	687.0
uc004ctz.1	NA	NA	NA
uc004cua.1	NA	NA	NA
uc004cub.1	25.0	56.0	801.0
uc004cuc.1	389.0	56.0	666.0
uc004cud.1	104.0	56.0	714.0
uc004cue.1	389.0	56.0	552.0
uc004cuf.1	104.0	56.0	600.0
uc004cug.1	0.0	413.0	546.0
uc004dka.1	1634.0	111.0	2067.0
uc011mly.1	1634.0	356.0	1893.0
uc004dkb.1	1634.0	718.0	1305.0
uc011mlz.1	1634.0	608.0	1305.0
uc011mma.1	1634.0	745.0	1305.0
uc004dkc.1	1634.0	851.0	1305.0
uc011mmb.1	1634.0	86.0	2079.0
uc011mmc.1	1634.0	705.0	1305.0
uc011mmd.1	1634.0	732.0	1305.0
uc004ehd.2	843.0	305.0	294.0
uc011mri.2	349.0	305.0	147.0
uc022cdu.1	1947.0	44.0	5136.0
uc010nrd.1	0.0	117.0	3621.0
uc004evc.2	1947.0	26.0	1644.0
uc004eyq.1	259.0	970.0	384.0
uc004eyt.3	2337.0	609.0	1197.0
uc004eys.3	2337.0	165.0	1557.0
uc004eyr.4	1404.0	165.0	495.0
uc004eyu.3	2337.0	1506.0	975.0
uc004fbj.3	835.0	104.0	441.0
uc004feo.3	NA	NA	NA
uc004fek.3	2698.0	228.0	819.0
uc004fel.3	2698.0	228.0	789.0
uc004fem.3	2698.0	228.0	642.0
uc004fen.3	2698.0	228.0	573.0
uc011myb.2	2698.0	228.0	570.0
uc004fhg.2	5153.0	177.0	990.0
uc011myn.2	3604.0	902.0	1101.0
uc022cht.1	3604.0	158.0	1101.0
uc004flo.3	1822.0	9.0	474.0
