Name	3UTR	5UTR	CDS
uc001akt.4	NA	NA	NA
uc021ofj.1	NA	NA	NA
uc021ofk.1	NA	NA	NA
uc021ofl.1	NA	NA	NA
uc009vlm.3	NA	NA	NA
uc001aml.3	3887.0	468.0	567.0
uc001amk.3	3887.0	73.0	855.0
uc001aoz.3	1491.0	249.0	1389.0
uc001apa.1	2.0	1209.0	945.0
uc001apt.3	6466.0	273.0	2376.0
uc001aqv.4	3950.0	252.0	3462.0
uc009vmt.3	NA	NA	NA
uc001aqw.4	5016.0	252.0	5313.0
uc001aqx.4	5016.0	202.0	5451.0
uc001aqz.3	3195.0	79.0	5472.0
uc001arb.3	3195.0	79.0	5430.0
uc001ara.3	3195.0	79.0	5352.0
uc001aqy.3	3195.0	79.0	5394.0
uc010oap.2	2838.0	318.0	897.0
uc001art.3	2838.0	134.0	1245.0
uc001atb.1	4950.0	198.0	2040.0
uc031plg.1	4950.0	240.0	1236.0
uc001atc.2	4950.0	229.0	1971.0
uc009vnd.1	NA	NA	NA
uc001atd.1	NA	NA	NA
uc010obb.2	734.0	113.0	2325.0
uc001atm.3	734.0	113.0	2184.0
uc001avg.3	1895.0	126.0	681.0
uc001avh.3	1552.0	856.0	5049.0
uc001avi.3	1944.0	856.0	5157.0
uc009voe.3	NA	NA	NA
uc001avk.3	1552.0	275.0	4446.0
uc009vof.3	NA	NA	NA
uc021ogk.1	2.0	219.0	2355.0
uc001axk.1	1028.0	204.0	10995.0
uc010obp.1	1028.0	0.0	10872.0
uc001ayo.3	1199.0	90.0	792.0
uc010ocd.2	1199.0	90.0	714.0
uc001ayq.3	1093.0	90.0	822.0
uc021ogo.1	NA	NA	NA
uc009vqi.1	4761.0	223.0	3384.0
uc001bfu.2	4761.0	223.0	3720.0
uc001bft.2	4761.0	511.0	3720.0
uc001bfv.1	1.0	812.0	1347.0
uc010odv.1	4872.0	484.0	3231.0
uc001bgk.2	4872.0	550.0	3231.0
uc001bgl.3	463.0	378.0	3081.0
uc001bgm.1	0.0	802.0	3072.0
uc001bgt.3	2521.0	381.0	1413.0
uc001bgu.3	2521.0	559.0	1413.0
uc001bmt.1	0.0	373.0	5121.0
uc001bmu.1	1354.0	373.0	6207.0
uc001bmv.1	1354.0	373.0	6858.0
uc001bmw.1	1.0	283.0	3843.0
uc001bmx.1	1354.0	261.0	3396.0
uc009vsm.1	1354.0	582.0	1842.0
uc009vsn.1	1354.0	1313.0	1584.0
uc009vsp.2	522.0	460.0	1011.0
uc001bne.3	522.0	29.0	1578.0
uc001brb.3	830.0	142.0	1692.0
uc001bqz.3	830.0	139.0	1692.0
uc001bra.3	830.0	142.0	1722.0
uc001bum.2	605.0	47.0	1401.0
uc009vua.2	605.0	47.0	1641.0
uc010ogz.1	605.0	558.0	1101.0
uc001bup.3	NA	NA	NA
uc001buo.3	NA	NA	NA
uc009vub.1	1371.0	3.0	543.0
uc010oha.2	NA	NA	NA
uc001buq.4	656.0	3.0	423.0
uc001byf.1	155.0	134.0	2172.0
uc021olg.1	939.0	1483.0	1917.0
uc010oht.2	938.0	352.0	3687.0
uc001byh.3	938.0	228.0	3978.0
uc009vup.3	279.0	393.0	1620.0
uc009vuq.1	285.0	228.0	2283.0
uc009vur.1	1.0	509.0	1371.0
uc001byk.2	2018.0	228.0	513.0
uc001byj.2	2018.0	134.0	513.0
uc001byi.2	2018.0	205.0	513.0
uc001byt.3	2267.0	80.0	4647.0
uc009vuu.3	2267.0	238.0	4551.0
uc001byu.3	2267.0	297.0	3675.0
uc009vuv.3	2267.0	880.0	3864.0
uc001bzh.1	1756.0	488.0	690.0
uc021oli.1	0.0	0.0	690.0
uc010oid.3	NA	NA	NA
uc001cbi.4	3299.0	115.0	1191.0
uc010oim.2	1356.0	177.0	1098.0
uc001ccq.3	1356.0	177.0	1200.0
uc001ccr.3	1356.0	985.0	966.0
uc009vvt.1	1933.0	762.0	4284.0
uc001cfc.4	474.0	31.0	5745.0
uc001cfd.4	474.0	693.0	4818.0
uc001crb.1	NA	NA	NA
uc001cre.1	997.0	364.0	3864.0
uc001crd.1	997.0	155.0	3867.0
uc001crc.1	997.0	155.0	3864.0
uc010omo.1	997.0	252.0	3813.0
uc010omn.1	997.0	252.0	3726.0
uc001crg.1	2.0	229.0	2883.0
uc001crf.1	2.0	1642.0	1914.0
uc001cvb.4	602.0	515.0	1977.0
uc009wcm.3	1077.0	49.0	3585.0
uc001dku.4	887.0	49.0	2592.0
uc001dpc.3	291.0	93.0	489.0
uc010otg.2	1223.0	132.0	1266.0
uc021opw.1	1223.0	93.0	1110.0
uc021opu.1	1223.0	211.0	1212.0
uc021opv.1	1223.0	93.0	1152.0
uc001dpg.3	1223.0	93.0	1287.0
uc009wdq.1	NA	NA	NA
uc001dqj.4	4962.0	369.0	3786.0
uc001dqk.3	983.0	5879.0	1611.0
uc001dql.3	609.0	369.0	1182.0
uc001dxa.4	1707.0	61.0	8772.0
uc010owf.2	678.0	902.0	1761.0
uc001ebs.3	678.0	357.0	2475.0
uc001ebt.3	678.0	2358.0	1299.0
uc001edk.3	1909.0	181.0	4446.0
uc001edh.3	41.0	181.0	3453.0
uc001edi.4	3662.0	181.0	3378.0
uc010owm.2	3662.0	181.0	3453.0
uc001edj.3	3068.0	74.0	2541.0
uc009wgo.3	NA	NA	NA
uc009wgy.1	6845.0	271.0	1569.0
uc001efv.1	6845.0	271.0	1575.0
uc021ose.1	6845.0	215.0	1575.0
uc001elo.3	433.0	324.0	933.0
uc001elv.4	1034.0	207.0	4062.0
uc001elx.4	1034.0	383.0	6723.0
uc001elw.4	1034.0	302.0	7041.0
uc021ouh.1	930.0	302.0	7089.0
uc001ema.3	1423.0	173.0	525.0
uc001emd.2	1847.0	302.0	2967.0
uc001emc.2	1623.0	302.0	2910.0
uc001emb.1	1623.0	324.0	3399.0
uc001eme.1	127.0	432.0	948.0
uc001emh.3	436.0	324.0	933.0
uc021ouj.1	436.0	95.0	426.0
uc021oui.1	436.0	88.0	531.0
uc001emg.2	436.0	302.0	522.0
uc001emk.4	118.0	324.0	330.0
uc001epq.3	1255.0	740.0	4281.0
uc010ozr.1	0.0	259.0	4020.0
uc001etn.3	3524.0	356.0	2532.0
uc001eto.3	3244.0	18.0	531.0
uc001fkt.3	2399.0	480.0	8895.0
uc009wqq.3	2399.0	480.0	8910.0
uc009wqr.1	1.0	258.0	4983.0
uc001fma.1	865.0	123.0	6726.0
uc009wrg.1	NA	NA	NA
uc009wrh.1	865.0	97.0	6723.0
uc001flz.2	865.0	97.0	6726.0
uc001fly.1	865.0	49.0	6723.0
uc001fmb.4	81.0	360.0	3297.0
uc001fmc.3	98.0	49.0	4590.0
uc001fmd.4	98.0	97.0	4590.0
uc009wri.3	98.0	1650.0	3348.0
uc001fme.3	652.0	11.0	1860.0
uc009wrj.2	652.0	3.0	834.0
uc001fmf.3	775.0	30.0	1035.0
uc001gii.1	NA	NA	NA
uc001gio.3	272.0	311.0	894.0
uc001gin.3	272.0	334.0	894.0
uc021pey.1	0.0	0.0	894.0
uc009wxb.2	59.0	764.0	678.0
uc001glq.3	6274.0	764.0	3843.0
uc001glr.3	6274.0	125.0	3420.0
uc009wxc.3	6296.0	130.0	1971.0
uc001gvk.3	2644.0	270.0	4437.0
uc001gvl.3	2644.0	270.0	4470.0
uc001gvm.3	2644.0	270.0	4389.0
uc009xag.3	1632.0	116.0	4743.0
uc001gyf.3	1632.0	116.0	4635.0
uc001gyg.1	0.0	593.0	4023.0
uc001hbw.3	5055.0	64.0	2790.0
uc001hbx.3	5055.0	64.0	2655.0
uc001hby.1	56.0	448.0	540.0
uc010prt.1	544.0	229.0	1881.0
uc001hdy.3	3018.0	1.0	2955.0
uc010pru.2	3018.0	1.0	2952.0
uc010prv.1	544.0	66.0	1884.0
uc031pry.1	1131.0	12.0	1341.0
uc001hei.3	232.0	322.0	1707.0
uc001hej.3	232.0	168.0	1767.0
uc001hek.3	NA	NA	NA
uc010ptr.2	831.0	159.0	3201.0
uc009xdh.3	2.0	159.0	249.0
uc001hkd.3	831.0	159.0	3165.0
uc010ptv.2	831.0	1373.0	1806.0
uc010ptu.2	831.0	581.0	2658.0
uc010ptt.2	831.0	819.0	2565.0
uc010pts.2	831.0	780.0	2565.0
uc009xdi.1	NA	NA	NA
uc001hke.3	831.0	425.0	2658.0
uc010pvb.2	960.0	292.0	3405.0
uc001hod.3	960.0	811.0	3018.0
uc010pva.2	960.0	395.0	2322.0
uc010puz.2	960.0	613.0	1104.0
uc001hts.1	902.0	136.0	4575.0
uc009xfd.1	902.0	167.0	4575.0
uc001hvf.3	1161.0	183.0	2337.0
uc001hvg.3	1161.0	158.0	5169.0
uc009xgs.1	1830.0	2064.0	3177.0
uc001ibv.2	1706.0	97.0	6828.0
uc001ibw.1	NA	NA	NA
uc001icd.2	2811.0	217.0	1170.0
uc021plz.1	2811.0	217.0	1167.0
uc009xhd.3	783.0	277.0	1770.0
uc001ifg.3	783.0	223.0	1026.0
uc001ifh.3	783.0	147.0	1779.0
uc021pmh.1	0.0	0.0	1026.0
uc001ila.3	1276.0	474.0	3819.0
uc001ilc.3	1276.0	275.0	3819.0
uc001ilb.3	1276.0	105.0	3819.0
uc009xiz.2	140.0	105.0	3063.0
uc010qbx.2	935.0	85.0	1305.0
uc001ino.3	1536.0	374.0	1734.0
uc001inn.3	1536.0	85.0	2079.0
uc001inm.3	1536.0	852.0	1719.0
uc009xji.3	1536.0	322.0	1734.0
uc001inr.3	1536.0	289.0	1734.0
uc001inl.3	1536.0	530.0	1719.0
uc001ink.3	1536.0	675.0	1038.0
uc009xjh.3	NA	NA	NA
uc001inp.3	1536.0	576.0	1719.0
uc001inq.3	1536.0	898.0	1719.0
uc021pni.1	1536.0	43.0	1734.0
uc009xjj.1	NA	NA	NA
uc031pue.1	11.0	577.0	369.0
uc009xmc.2	2476.0	107.0	360.0
uc001izb.4	NA	NA	NA
uc010qeu.2	2850.0	205.0	1740.0
uc001izc.4	2518.0	577.0	360.0
uc031pug.1	2518.0	1326.0	360.0
uc001izd.2	2850.0	577.0	1740.0
uc001jau.2	1020.0	364.0	1248.0
uc001jav.2	1020.0	365.0	1248.0
uc001jat.2	1020.0	404.0	1248.0
uc009xmh.1	1020.0	487.0	1248.0
uc001jar.2	1020.0	408.0	1248.0
uc001jas.2	1020.0	381.0	1248.0
uc021ppg.1	0.0	0.0	1248.0
uc001jjp.3	2213.0	46.0	1851.0
uc001jlt.2	3918.0	456.0	3567.0
uc010qil.2	127.0	456.0	957.0
uc001jlu.2	3918.0	269.0	2838.0
uc001jsn.3	5093.0	440.0	1440.0
uc001juo.3	1091.0	17.0	5055.0
uc001jun.3	NA	NA	NA
uc001jum.3	NA	NA	NA
uc001jul.3	1091.0	1105.0	2178.0
uc001juk.3	1091.0	1105.0	2319.0
uc010qkk.2	1091.0	140.0	2460.0
uc001jup.3	1054.0	560.0	2682.0
uc010qkl.1	316.0	844.0	2235.0
uc001juq.1	0.0	49.0	591.0
uc009xtf.2	NA	NA	NA
uc001kev.3	1276.0	450.0	939.0
uc001keu.3	983.0	450.0	1464.0
uc021pvv.1	983.0	372.0	861.0
uc001kvy.2	3302.0	191.0	1455.0
uc001kvx.3	392.0	191.0	1302.0
uc001kvw.2	1081.0	191.0	1446.0
uc009xxe.2	NA	NA	NA
uc009xxf.2	NA	NA	NA
uc001kwy.1	713.0	87.0	5616.0
uc031pxf.1	428.0	716.0	3123.0
uc001law.3	428.0	1034.0	3123.0
uc010qsu.2	1010.0	193.0	4047.0
uc001ldu.3	1010.0	146.0	4149.0
uc009xzg.1	246.0	410.0	903.0
uc001lib.4	1699.0	45.0	1248.0
uc010qug.2	2444.0	104.0	2205.0
uc001lic.3	2444.0	371.0	2127.0
uc009yal.3	1669.0	421.0	1338.0
uc009yak.3	1669.0	287.0	1338.0
uc001lie.4	1669.0	125.0	2958.0
uc001lid.4	1669.0	205.0	1542.0
uc001lif.4	1669.0	418.0	1338.0
uc001lih.4	1669.0	434.0	1338.0
uc001lxs.3	1191.0	182.0	1674.0
uc001lxt.3	1191.0	182.0	1890.0
uc031pye.1	1191.0	250.0	1779.0
uc021qck.1	1191.0	250.0	1686.0
uc031pyf.1	1191.0	323.0	1719.0
uc031pyg.1	1191.0	547.0	1593.0
uc001lxv.3	1191.0	182.0	1821.0
uc001lxu.3	1191.0	534.0	1686.0
uc031pyh.1	1191.0	269.0	1686.0
uc031pyi.1	2661.0	250.0	273.0
uc009ydz.3	1191.0	250.0	1755.0
uc010qxr.2	1191.0	250.0	1833.0
uc001lyy.1	388.0	113.0	1428.0
uc001mjg.1	NA	NA	NA
uc001mji.4	160.0	499.0	2082.0
uc009ygg.3	160.0	1817.0	2082.0
uc009ygh.3	160.0	467.0	2082.0
uc021qdu.1	116.0	3100.0	2082.0
uc001mjk.4	NA	NA	NA
uc001mjq.1	1.0	763.0	3150.0
uc001mjs.3	3150.0	763.0	4068.0
uc001mjr.3	3150.0	763.0	3864.0
uc001mjt.1	2.0	5.0	1044.0
uc009ygi.3	3150.0	203.0	474.0
uc001mty.3	3794.0	267.0	5208.0
uc001mtz.1	106.0	356.0	4590.0
uc001mua.3	74.0	39.0	3795.0
uc001ncw.3	1038.0	362.0	3540.0
uc010rgt.2	1528.0	267.0	1818.0
uc009ylc.2	1038.0	120.0	3810.0
uc001ncu.2	1038.0	360.0	3627.0
uc010rgu.2	1038.0	360.0	3897.0
uc001ncv.3	1038.0	362.0	3906.0
uc001ncx.3	1038.0	362.0	3717.0
uc001ndn.4	2266.0	243.0	5718.0
uc001ndm.4	2266.0	217.0	444.0
uc009ylh.2	1.0	243.0	648.0
uc001nei.3	814.0	117.0	1272.0
uc010rhe.2	814.0	114.0	1188.0
uc009ylj.3	814.0	643.0	1056.0
uc010rhf.2	814.0	117.0	1176.0
uc010rhg.2	814.0	117.0	1083.0
uc010rhh.2	814.0	607.0	711.0
uc010rhi.1	1.0	612.0	576.0
uc009ylk.2	1.0	117.0	1038.0
uc010rhj.1	130.0	117.0	483.0
uc001nfy.3	733.0	108.0	1557.0
uc001nfz.3	733.0	64.0	1605.0
uc001nfx.3	733.0	171.0	1557.0
uc001nfw.2	733.0	715.0	1632.0
uc001njs.3	465.0	165.0	5190.0
uc001njr.3	465.0	312.0	5190.0
uc001njq.3	465.0	28.0	909.0
uc009ymd.1	2.0	1826.0	2667.0
uc009yml.3	429.0	130.0	1278.0
uc010rjw.2	429.0	139.0	1086.0
uc001nkw.3	429.0	139.0	1278.0
uc001nnm.3	1113.0	166.0	2115.0
uc010rko.2	1113.0	121.0	2115.0
uc001nnl.3	1113.0	243.0	2205.0
uc021qjn.1	0.0	0.0	2115.0
uc001noc.1	2179.0	480.0	2424.0
uc009ymr.1	NA	NA	NA
uc001nsg.3	738.0	413.0	1143.0
uc021qkj.1	0.0	0.0	1143.0
uc001ntk.2	342.0	300.0	450.0
uc001ntl.3	842.0	300.0	17673.0
uc009yoz.3	2495.0	127.0	714.0
uc010rmw.2	2495.0	194.0	594.0
uc010rmx.2	2495.0	255.0	651.0
uc010rmy.2	NA	NA	NA
uc001obv.1	1597.0	411.0	1605.0
uc001obu.1	1597.0	255.0	1605.0
uc021qkz.1	1597.0	410.0	654.0
uc010rnq.1	1597.0	47.0	1647.0
uc031qbm.1	3958.0	0.0	2637.0
uc001ohr.3	677.0	145.0	1248.0
uc001ojb.3	589.0	53.0	1080.0
uc001oja.3	589.0	669.0	1080.0
uc009yse.1	1648.0	1363.0	1416.0
uc001onm.1	1648.0	256.0	2658.0
uc001onn.1	1648.0	840.0	2142.0
uc009ysf.2	1648.0	868.0	1938.0
uc001ono.1	1255.0	256.0	1182.0
uc010rqa.1	1255.0	201.0	1113.0
uc009yua.2	2294.0	344.0	1083.0
uc001ovf.2	2294.0	129.0	1401.0
uc031qcr.1	2294.0	490.0	1284.0
uc001ovl.4	5683.0	13.0	2127.0
uc001ovv.3	1206.0	520.0	1356.0
uc010rrl.2	1206.0	271.0	1059.0
uc001ovw.3	1206.0	156.0	1386.0
uc001oxl.3	1399.0	143.0	3969.0
uc001oxj.3	534.0	143.0	249.0
uc001oxk.3	2625.0	143.0	429.0
uc009yuj.1	505.0	143.0	1665.0
uc010rsa.1	1.0	143.0	1362.0
uc001oxm.3	1399.0	143.0	3675.0
uc001oxn.3	1399.0	39.0	3972.0
uc010rsc.2	1399.0	39.0	3972.0
uc010rsb.2	1399.0	39.0	4014.0
uc010rsd.2	1399.0	39.0	3696.0
uc001oxo.1	31.0	75.0	1350.0
uc010rse.2	1399.0	75.0	1710.0
uc001oxp.3	1399.0	143.0	768.0
uc001ozx.4	899.0	345.0	4668.0
uc010rsu.1	0.0	345.0	4053.0
uc001pck.4	414.0	101.0	1392.0
uc001pcl.4	414.0	483.0	948.0
uc001pcm.4	5620.0	101.0	414.0
uc001pcn.4	5564.0	101.0	426.0
uc001peq.3	1097.0	385.0	1269.0
uc001per.3	1102.0	385.0	1281.0
uc001pfb.3	5958.0	170.0	2871.0
uc001pfc.3	5958.0	170.0	2721.0
uc001pff.3	3150.0	335.0	846.0
uc010rvv.2	1550.0	205.0	1452.0
uc001pjz.4	1550.0	102.0	4284.0
uc001pka.3	988.0	291.0	2235.0
uc001plt.3	2779.0	118.0	2781.0
uc001pmj.4	1008.0	280.0	657.0
uc001pml.3	3547.0	297.0	2049.0
uc001pmk.3	1008.0	297.0	660.0
uc001pmm.3	3547.0	464.0	1416.0
uc001pmn.3	3547.0	234.0	1170.0
uc010rwq.2	3547.0	1.0	1047.0
uc001ppz.3	2241.0	463.0	3309.0
uc001ppx.3	2241.0	53.0	1926.0
uc001ppw.3	2241.0	1365.0	1863.0
uc001ppy.3	2241.0	36.0	3792.0
uc001pqa.3	2241.0	36.0	3612.0
uc001pqb.3	840.0	94.0	1299.0
uc001ptr.2	1215.0	353.0	4134.0
uc010ryh.1	2.0	130.0	1101.0
uc001pts.3	1215.0	130.0	4134.0
uc001ptt.3	1215.0	130.0	3960.0
uc001ptu.2	NA	NA	NA
uc001ptv.2	1215.0	119.0	3546.0
uc001ptw.2	1215.0	72.0	2166.0
uc009zai.2	1215.0	513.0	1209.0
uc001ptx.2	1215.0	781.0	1209.0
uc010ryi.1	78.0	69.0	900.0
uc010ryj.1	509.0	65.0	543.0
uc001puc.2	4341.0	433.0	1452.0
uc001pub.2	4341.0	361.0	1452.0
uc001pua.2	4341.0	503.0	552.0
uc010rzc.1	96.0	679.0	1824.0
uc001pvu.3	577.0	215.0	2928.0
uc001pvv.3	36.0	239.0	2766.0
uc001pvw.3	577.0	239.0	2928.0
uc001pvx.3	577.0	580.0	2928.0
uc001pyt.3	1149.0	359.0	1122.0
uc021qsr.1	5643.0	128.0	564.0
uc001qif.1	5399.0	363.0	5073.0
uc010sdn.1	0.0	363.0	3255.0
uc010sdo.1	2.0	363.0	1005.0
uc001qjd.2	NA	NA	NA
uc001qja.2	NA	NA	NA
uc001qjc.2	5703.0	241.0	3267.0
uc001qjb.2	5703.0	241.0	3351.0
uc001qiz.2	NA	NA	NA
uc001qjf.2	5849.0	156.0	3261.0
uc010sdv.1	227.0	26.0	2175.0
uc009zdp.3	330.0	3.0	1491.0
uc001qje.2	NA	NA	NA
uc010sef.1	NA	NA	NA
uc009zec.1	155.0	627.0	510.0
uc010seh.1	1696.0	81.0	1329.0
uc010sei.1	1696.0	252.0	801.0
uc001qlj.2	414.0	81.0	1506.0
uc001qsj.3	380.0	719.0	2067.0
uc001qsl.3	380.0	363.0	2067.0
uc009zfr.3	380.0	656.0	1566.0
uc001qsk.3	380.0	276.0	2067.0
uc009zfs.3	NA	NA	NA
uc009zft.3	2407.0	93.0	945.0
uc001qsn.3	1841.0	93.0	1464.0
uc001qso.2	217.0	93.0	564.0
uc001ran.2	3551.0	645.0	1554.0
uc001rao.2	3551.0	763.0	1998.0
uc001rki.1	5380.0	186.0	3825.0
uc001rkh.1	5380.0	151.0	3930.0
uc001rkj.3	733.0	186.0	2217.0
uc001rkk.1	109.0	107.0	1524.0
uc001rlj.4	1678.0	115.0	2646.0
uc001rlk.4	1678.0	115.0	2514.0
uc010skj.2	1678.0	115.0	2505.0
uc001ror.3	191.0	0.0	5367.0
uc001ros.1	2958.0	0.0	5508.0
uc001rot.1	2733.0	290.0	441.0
uc009zkg.1	2958.0	943.0	3876.0
uc009zkh.1	2958.0	39.0	4389.0
uc001rou.1	3141.0	86.0	3384.0
uc001rsm.3	713.0	91.0	2463.0
uc009zlk.2	693.0	202.0	4005.0
uc001rvb.2	1222.0	756.0	2649.0
uc001rvc.3	693.0	108.0	1617.0
uc001sga.3	1032.0	68.0	3150.0
uc010sow.1	NA	NA	NA
uc009znp.1	NA	NA	NA
uc001shq.3	2999.0	37.0	1224.0
uc031qhy.1	1.0	79.0	804.0
uc001siz.3	498.0	91.0	1638.0
uc001siy.3	498.0	200.0	1638.0
uc001six.3	498.0	326.0	1638.0
uc009zoh.3	220.0	200.0	342.0
uc001sja.3	498.0	724.0	1638.0
uc001sml.2	3946.0	153.0	2139.0
uc021qzg.1	0.0	0.0	2139.0
uc009zqo.2	2036.0	26.0	2733.0
uc001ssl.2	2036.0	26.0	2736.0
uc001sti.3	298.0	49.0	3264.0
uc009zqt.2	NA	NA	NA
uc010ssz.2	NA	NA	NA
uc001tky.3	4211.0	498.0	1044.0
uc001tkz.3	4211.0	498.0	1059.0
uc001tlj.1	3455.0	1380.0	1986.0
uc001tlp.3	649.0	222.0	3402.0
uc001tlq.3	649.0	243.0	3228.0
uc001tlw.3	494.0	125.0	1608.0
uc001tlx.3	3301.0	125.0	1563.0
uc001tly.3	3460.0	338.0	1491.0
uc001tlz.3	NA	NA	NA
uc009zur.3	NA	NA	NA
uc001tmq.3	NA	NA	NA
uc001tmp.3	1344.0	437.0	2406.0
uc001tvw.3	2690.0	55.0	6633.0
uc009zxa.1	1108.0	23.0	882.0
uc001tzh.1	1108.0	23.0	789.0
uc010szp.1	718.0	23.0	759.0
uc010szo.1	718.0	406.0	666.0
uc001tzi.1	718.0	23.0	792.0
uc001ulj.3	3940.0	226.0	1926.0
uc001ulh.3	3940.0	349.0	1926.0
uc001uli.3	3940.0	226.0	2019.0
uc001ulk.1	NA	NA	NA
uc031qkk.1	1087.0	493.0	1506.0
uc031qkj.1	1087.0	493.0	1701.0
uc001ull.2	1087.0	493.0	1602.0
uc010tbv.1	0.0	1531.0	2130.0
uc009zzb.3	2495.0	447.0	1722.0
uc001ulq.3	2495.0	186.0	1722.0
uc010tcg.2	4949.0	330.0	582.0
uc010tca.2	4949.0	330.0	381.0
uc010tcf.2	2581.0	330.0	2844.0
uc010tcb.2	4794.0	330.0	504.0
uc010tbx.2	4794.0	330.0	303.0
uc010tbw.2	4794.0	330.0	408.0
uc010tce.2	4794.0	330.0	207.0
uc010tcd.2	NA	NA	NA
uc010tcc.1	0.0	591.0	2130.0
uc010tbz.1	0.0	874.0	2130.0
uc010tch.2	2581.0	206.0	2844.0
uc021rgu.1	2581.0	462.0	2595.0
uc010tcn.1	993.0	265.0	2010.0
uc001umm.1	993.0	778.0	1482.0
uc001umo.3	328.0	265.0	627.0
uc001umn.3	92.0	265.0	1149.0
uc001uon.3	1313.0	615.0	13740.0
uc001uoo.3	1313.0	525.0	13299.0
uc001uoq.1	584.0	182.0	2058.0
uc001uop.1	584.0	35.0	1614.0
uc001upe.3	NA	NA	NA
uc001upd.3	4301.0	392.0	4020.0
uc001upf.2	21.0	322.0	1848.0
uc021rhg.1	4301.0	322.0	3834.0
uc001upg.2	4301.0	433.0	1959.0
uc010tcz.2	4301.0	42.0	1611.0
uc010tcy.1	2.0	42.0	1842.0
uc001uph.3	4301.0	139.0	1725.0
uc010tda.2	4301.0	281.0	1791.0
uc010tdb.2	4301.0	139.0	1539.0
uc009zzz.2	4185.0	33.0	747.0
uc001upi.1	1898.0	147.0	387.0
uc010tdo.1	227.0	152.0	2064.0
uc001urz.3	2816.0	152.0	2664.0
uc001urx.3	2816.0	8.0	2064.0
uc001ury.3	2816.0	624.0	1728.0
uc001utb.3	4896.0	808.0	699.0
uc001utc.2	193.0	432.0	3279.0
uc001utd.2	193.0	612.0	2292.0
uc001ute.1	193.0	355.0	2292.0
uc010acc.1	116.0	32.0	1413.0
uc001uxl.4	3385.0	385.0	1968.0
uc031qlh.1	0.0	430.0	642.0
uc010tfc.2	1506.0	228.0	1788.0
uc010acd.3	1506.0	667.0	1539.0
uc001uxs.3	1506.0	373.0	1860.0
uc001uxu.1	2914.0	289.0	2025.0
uc001uxw.1	628.0	309.0	2055.0
uc001vfz.2	NA	NA	NA
uc010aev.3	721.0	2168.0	12135.0
uc021rks.1	721.0	267.0	14037.0
uc001vke.3	721.0	55.0	3774.0
uc001vkg.1	1.0	66.0	2238.0
uc001vkw.1	1294.0	59.0	2181.0
uc010afb.1	1294.0	716.0	1611.0
uc001vqo.3	1089.0	152.0	2736.0
uc001vqn.3	1089.0	273.0	2736.0
uc010agf.3	1089.0	128.0	2736.0
uc001vqp.3	1089.0	235.0	2736.0
uc010agg.1	1087.0	273.0	2535.0
uc021rmk.1	0.0	0.0	2736.0
uc001war.2	419.0	65.0	7746.0
uc001was.2	419.0	147.0	6909.0
uc001wav.1	0.0	285.0	2112.0
uc001wja.2	1940.0	148.0	1653.0
uc001wjb.2	1940.0	250.0	1659.0
uc010tpc.2	4056.0	16.0	2160.0
uc001wph.4	4056.0	202.0	2037.0
uc010alw.3	4056.0	55.0	2037.0
uc001wrc.1	812.0	489.0	7833.0
uc001wra.1	812.0	1258.0	2211.0
uc001wrb.1	812.0	1555.0	2211.0
uc001wrd.1	0.0	8.0	4554.0
uc001wre.3	NA	NA	NA
uc001wrl.3	4780.0	239.0	4509.0
uc001wrp.3	4780.0	77.0	714.0
uc001wro.3	4780.0	210.0	726.0
uc001wrn.3	4780.0	315.0	4509.0
uc001wrm.3	4780.0	315.0	4506.0
uc010anf.3	882.0	99.0	6069.0
uc001wwd.4	882.0	99.0	6147.0
uc001wwc.2	252.0	99.0	2010.0
uc001wwe.4	882.0	2.0	4755.0
uc010ang.3	882.0	42.0	3894.0
uc001wxg.4	2790.0	621.0	528.0
uc021rsu.1	0.0	0.0	528.0
uc001xbu.3	1085.0	245.0	2136.0
uc010aoo.3	1085.0	138.0	2136.0
uc021rtk.1	0.0	0.0	2136.0
uc001xbv.3	NA	NA	NA
uc001xff.4	3660.0	91.0	1530.0
uc031qox.1	1740.0	762.0	1164.0
uc001xgi.4	1740.0	257.0	1164.0
uc001xgh.4	1740.0	366.0	1164.0
uc021ruf.1	0.0	0.0	1164.0
uc001xhh.4	1305.0	431.0	2142.0
uc001xhi.2	1793.0	391.0	1935.0
uc010aqg.3	1305.0	391.0	2142.0
uc021rul.1	0.0	0.0	2142.0
uc001xmr.1	1314.0	209.0	300.0
uc001xmt.3	242.0	361.0	5352.0
uc001xms.3	242.0	361.0	5415.0
uc001xmu.3	242.0	950.0	5349.0
uc001xmv.3	242.0	302.0	5412.0
uc010ttm.2	242.0	175.0	3774.0
uc010arj.3	1431.0	721.0	2292.0
uc001xnl.3	1431.0	107.0	1089.0
uc001xnm.3	1431.0	721.0	2334.0
uc001xre.1	3318.0	216.0	4290.0
uc001xrd.1	3318.0	216.0	4362.0
uc010tuy.1	NA	NA	NA
uc010twc.2	2359.0	937.0	2913.0
uc001xwv.4	2359.0	331.0	3525.0
uc010atf.1	111.0	380.0	1080.0
uc001ybp.3	4723.0	111.0	2346.0
uc001ybo.3	4723.0	326.0	3399.0
uc010two.2	4723.0	173.0	2859.0
uc010aur.3	4723.0	1134.0	1974.0
uc001ybq.4	1642.0	173.0	1386.0
uc001ybr.3	1009.0	326.0	1233.0
uc001ycj.3	269.0	99.0	2580.0
uc010twq.2	269.0	102.0	2451.0
uc010twr.2	269.0	126.0	1830.0
uc001yme.2	5716.0	353.0	1632.0
uc001ymd.2	5716.0	214.0	1707.0
uc001ymc.2	5716.0	353.0	1707.0
uc010txy.2	5716.0	214.0	1458.0
uc001ypy.1	759.0	153.0	978.0
uc010tym.1	NA	NA	NA
uc001ypz.1	NA	NA	NA
uc010tyo.1	1265.0	417.0	1689.0
uc010typ.1	1265.0	417.0	1755.0
uc010axg.1	1265.0	363.0	1953.0
uc001yqp.2	1265.0	363.0	2034.0
uc001yqo.2	1265.0	276.0	1320.0
uc001yqk.2	1265.0	849.0	612.0
uc001yql.2	1265.0	883.0	1422.0
uc010axh.1	NA	NA	NA
uc001yqn.2	NA	NA	NA
uc010axi.1	910.0	374.0	483.0
uc010axj.1	NA	NA	NA
uc001yqr.3	176.0	363.0	627.0
uc001zfo.3	5600.0	333.0	867.0
uc010ubw.1	1822.0	548.0	2505.0
uc001zgy.1	1822.0	722.0	3072.0
uc001zgw.3	243.0	722.0	1506.0
uc010ubx.1	1822.0	589.0	2505.0
uc001zls.3	3050.0	334.0	1281.0
uc001zlq.2	3050.0	334.0	1191.0
uc001zlr.2	3050.0	259.0	390.0
uc001zlt.2	2112.0	259.0	2340.0
uc001zlu.2	2112.0	71.0	2343.0
uc010bbp.1	2112.0	71.0	2331.0
uc001zlv.2	2112.0	14.0	2334.0
uc001zne.3	634.0	339.0	2922.0
uc001zog.1	1.0	91.0	3429.0
uc010ucy.2	2663.0	181.0	9198.0
uc010ucz.2	2663.0	181.0	8571.0
uc010uda.1	1.0	126.0	3591.0
uc001zoi.3	1677.0	146.0	1674.0
uc001zpb.3	2053.0	1469.0	666.0
uc001zpc.3	2053.0	151.0	2628.0
uc001zpd.3	2053.0	151.0	2661.0
uc001zrp.3	169.0	883.0	1170.0
uc001zrq.4	169.0	113.0	5928.0
uc010udp.2	169.0	17.0	5913.0
uc001zrs.3	169.0	148.0	5919.0
uc001zrr.4	169.0	113.0	5934.0
uc010udq.1	178.0	113.0	5283.0
uc001zth.1	559.0	184.0	1320.0
uc001zvw.3	2438.0	451.0	3036.0
uc010bek.3	2438.0	360.0	3222.0
uc001zwc.3	2438.0	439.0	2997.0
uc001zwb.3	2438.0	439.0	3036.0
uc001zvx.1	420.0	439.0	1431.0
uc001zvy.3	2438.0	439.0	3222.0
uc001zvz.3	2438.0	439.0	3054.0
uc001zwa.3	3676.0	439.0	1794.0
uc001zxc.1	1443.0	84.0	564.0
uc002acf.4	833.0	412.0	321.0
uc002ach.4	NA	NA	NA
uc002acg.4	833.0	153.0	3231.0
uc010ugf.2	833.0	134.0	3252.0
uc010bfg.1	2.0	233.0	2811.0
uc002afu.4	2519.0	422.0	2958.0
uc002aft.4	2519.0	422.0	2988.0
uc002afs.4	2519.0	422.0	2961.0
uc002afv.4	2519.0	279.0	2985.0
uc002afw.4	2519.0	19.0	3012.0
uc002afx.4	2519.0	53.0	1563.0
uc002afy.4	2519.0	196.0	414.0
uc010bgy.3	2645.0	224.0	996.0
uc002ann.3	4381.0	0.0	4236.0
uc002anv.3	2114.0	134.0	1473.0
uc002anw.3	2114.0	134.0	1323.0
uc002api.3	1232.0	385.0	5721.0
uc002aph.3	1232.0	378.0	5592.0
uc002apj.3	0.0	385.0	4047.0
uc010ujj.1	373.0	385.0	1983.0
uc002aqj.3	4659.0	298.0	1278.0
uc010ujr.2	4659.0	378.0	963.0
uc010ujs.2	4659.0	6.0	1146.0
uc010ujt.2	4659.0	92.0	693.0
uc002arx.2	NA	NA	NA
uc002arw.2	NA	NA	NA
uc002ary.1	2961.0	228.0	1854.0
uc002atk.3	560.0	358.0	4032.0
uc002atl.5	560.0	491.0	7647.0
uc002atm.1	0.0	358.0	2367.0
uc002atn.1	3451.0	71.0	5340.0
uc010biq.4	567.0	738.0	3906.0
uc002ato.4	1380.0	491.0	2190.0
uc021spq.1	708.0	333.0	639.0
uc021spr.1	708.0	487.0	639.0
uc021sps.1	708.0	329.0	639.0
uc021spt.1	708.0	346.0	639.0
uc002atp.3	708.0	222.0	639.0
uc021spu.1	0.0	0.0	639.0
uc002bai.3	2600.0	259.0	3822.0
uc002baj.3	2600.0	357.0	3822.0
uc010uml.2	2600.0	182.0	3822.0
uc002bak.4	3332.0	357.0	471.0
uc002bau.3	1412.0	96.0	1725.0
uc002bav.3	1412.0	286.0	564.0
uc021sqy.1	6000.0	576.0	5241.0
uc002bcn.2	3271.0	114.0	3363.0
uc002bgt.1	153.0	169.0	3363.0
uc002bgu.1	153.0	169.0	3210.0
uc002blt.2	0.0	194.0	5235.0
uc002blv.2	4681.0	194.0	8442.0
uc002blu.2	4681.0	194.0	8454.0
uc002bls.4	3054.0	194.0	540.0
uc010bne.1	0.0	253.0	1248.0
uc031qtl.1	4681.0	142.0	4305.0
uc002blw.2	4681.0	171.0	3837.0
uc002blx.2	4681.0	226.0	3177.0
uc002bpg.1	423.0	677.0	660.0
uc002bpf.1	423.0	50.0	876.0
uc002bup.3	2537.0	120.0	4695.0
uc002buq.3	NA	NA	NA
uc002buo.3	2537.0	120.0	3759.0
uc002bwk.3	3237.0	769.0	957.0
uc002bwj.3	159.0	769.0	825.0
uc002cot.1	1017.0	209.0	12909.0
uc002cos.1	1017.0	209.0	12912.0
uc010bse.1	NA	NA	NA
uc002cqs.4	5423.0	149.0	1671.0
uc010bsn.4	5518.0	149.0	1365.0
uc002cqt.4	5423.0	149.0	1290.0
uc010uwe.2	610.0	149.0	423.0
uc002cqu.4	5423.0	665.0	1590.0
uc002cqv.1	332.0	864.0	1191.0
uc002cqz.1	332.0	864.0	1191.0
uc002cuj.2	1567.0	632.0	1188.0
uc002cum.3	1567.0	632.0	1185.0
uc002cuk.2	1567.0	551.0	1188.0
uc010bti.2	1567.0	551.0	1185.0
uc002cui.2	1567.0	427.0	1185.0
uc002cul.3	1567.0	427.0	1185.0
uc002cvc.3	445.0	815.0	1224.0
uc002cvb.3	55.0	815.0	705.0
uc002cva.2	221.0	815.0	750.0
uc002cvp.2	1159.0	627.0	5505.0
uc002cvq.1	1457.0	627.0	990.0
uc002cvw.3	2663.0	204.0	7215.0
uc002cvv.3	2663.0	204.0	7329.0
uc002cyd.1	877.0	90.0	5271.0
uc010bva.3	945.0	9.0	1119.0
uc002dce.2	4001.0	9.0	2751.0
uc010uyz.1	4001.0	627.0	1401.0
uc002dlx.1	297.0	200.0	3561.0
uc010vcb.1	2.0	337.0	3408.0
uc010bxr.3	417.0	1040.0	2859.0
uc002dmi.3	417.0	1040.0	5277.0
uc002dmh.3	417.0	1040.0	5379.0
uc002dmg.3	366.0	1040.0	357.0
uc002dmk.3	417.0	1189.0	4878.0
uc002dod.4	3815.0	407.0	2904.0
uc010vcl.2	3815.0	1030.0	2292.0
uc002doe.2	407.0	407.0	1518.0
uc002doh.2	1038.0	182.0	1251.0
uc010bxv.2	521.0	243.0	333.0
uc010vcn.1	1038.0	118.0	1365.0
uc010bxw.2	1038.0	31.0	663.0
uc010bxx.2	NA	NA	NA
uc002drt.3	2583.0	92.0	423.0
uc002dru.3	2583.0	15.0	1260.0
uc010vdg.1	182.0	15.0	636.0
uc002drv.3	2583.0	273.0	417.0
uc010vdh.2	2583.0	297.0	384.0
uc021tgi.1	1001.0	114.0	1857.0
uc021tgj.1	1001.0	389.0	1488.0
uc021tgk.1	1001.0	482.0	1857.0
uc002dya.2	1001.0	376.0	1857.0
uc021tgn.1	1.0	452.0	3540.0
uc002dze.1	974.0	385.0	9693.0
uc002dzf.4	NA	NA	NA
uc002dzg.1	974.0	123.0	9078.0
uc002dzs.1	3269.0	208.0	2610.0
uc002egy.3	2607.0	209.0	8646.0
uc002egz.1	0.0	273.0	2043.0
uc002ehb.3	2607.0	164.0	8694.0
uc002ehc.3	2607.0	164.0	8649.0
uc002ehd.2	2.0	344.0	3453.0
uc002ehe.1	656.0	195.0	1011.0
uc002ehf.3	2607.0	195.0	5988.0
uc002ehg.2	2607.0	25.0	6039.0
uc010cbw.3	2607.0	576.0	2892.0
uc002eqk.2	5225.0	215.0	1590.0
uc021tjw.1	0.0	0.0	1590.0
uc002ewb.3	3109.0	1264.0	657.0
uc031qws.1	166.0	292.0	342.0
uc010cff.3	2438.0	292.0	1911.0
uc002ewd.3	2438.0	231.0	1911.0
uc002ewc.3	3109.0	912.0	657.0
uc002ewe.3	2438.0	35.0	1911.0
uc002eys.4	1392.0	139.0	1440.0
uc002eyv.3	1392.0	71.0	1437.0
uc010vlz.2	1392.0	71.0	1344.0
uc010cfs.3	1392.0	618.0	906.0
uc010cfr.3	1392.0	647.0	987.0
uc010cfq.1	1.0	588.0	447.0
uc010vma.3	1392.0	77.0	1113.0
uc010cgh.2	2824.0	188.0	1140.0
uc031qwz.1	2824.0	184.0	657.0
uc002fbm.2	2824.0	112.0	1101.0
uc002fbl.2	2824.0	112.0	1008.0
uc002fbk.2	2838.0	112.0	1083.0
uc010vmk.2	2824.0	100.0	657.0
uc010vml.2	2838.0	135.0	303.0
uc002fck.3	4277.0	673.0	11112.0
uc002fcl.3	4277.0	129.0	8370.0
uc002fdw.3	481.0	171.0	2613.0
uc010vnb.2	481.0	284.0	2751.0
uc002fdv.3	481.0	146.0	2613.0
uc010cgu.3	481.0	146.0	2667.0
uc010vna.2	481.0	267.0	2607.0
uc002fdu.3	481.0	989.0	1983.0
uc002fdt.3	481.0	1246.0	972.0
uc010vnc.2	481.0	335.0	2169.0
uc010vnd.2	481.0	30.0	2667.0
uc002fdx.3	481.0	73.0	2667.0
uc002fhi.3	685.0	502.0	3159.0
uc002fhh.3	685.0	732.0	1671.0
uc002fhk.2	2491.0	184.0	993.0
uc010vnv.1	2491.0	184.0	828.0
uc002fhn.3	1094.0	242.0	2610.0
uc010vny.2	1094.0	1358.0	1383.0
uc010vnz.2	1094.0	794.0	1614.0
uc002fho.3	1094.0	1407.0	1179.0
uc010voa.2	1094.0	655.0	1614.0
uc002fhm.3	1094.0	282.0	2328.0
uc010vnx.2	1094.0	242.0	2532.0
uc010vob.2	245.0	275.0	1047.0
uc002fmx.2	857.0	461.0	7992.0
uc002fmy.2	857.0	532.0	7992.0
uc002fnc.2	857.0	458.0	7992.0
uc002fnb.1	0.0	0.0	7341.0
uc002fne.4	447.0	933.0	651.0
uc002fnd.3	1806.0	340.0	702.0
uc002fng.1	1939.0	461.0	375.0
uc002fnf.1	1939.0	437.0	375.0
uc002fpe.4	765.0	1380.0	954.0
uc002fpx.1	NA	NA	NA
uc002fpt.1	NA	NA	NA
uc002fpu.1	NA	NA	NA
uc002fpv.1	NA	NA	NA
uc002fpw.1	NA	NA	NA
uc002fps.1	NA	NA	NA
uc002fpz.1	21.0	143.0	378.0
uc002fpy.1	21.0	212.0	378.0
uc002fqa.1	NA	NA	NA
uc002fqb.1	NA	NA	NA
uc002fqc.1	NA	NA	NA
uc002fqd.1	NA	NA	NA
uc010cjo.2	10460.0	147.0	2499.0
uc031qxs.1	10460.0	60.0	423.0
uc002frk.3	10460.0	1213.0	1056.0
uc002frl.2	NA	NA	NA
uc002frm.2	534.0	147.0	2013.0
uc002frn.2	534.0	147.0	2100.0
uc002fro.2	534.0	839.0	1506.0
uc010cjp.1	534.0	147.0	1269.0
uc002frw.3	432.0	106.0	1263.0
uc002fsm.3	2290.0	150.0	615.0
uc002fsl.3	2160.0	150.0	915.0
uc002fth.2	914.0	234.0	2673.0
uc010vqp.1	914.0	53.0	2217.0
uc002fti.2	914.0	261.0	2145.0
uc002ftj.2	914.0	129.0	5826.0
uc010vqq.1	914.0	249.0	1719.0
uc002ftm.4	1751.0	168.0	2415.0
uc002ftn.1	1339.0	66.0	1830.0
uc002fub.1	1653.0	55.0	4260.0
uc031qxx.1	1653.0	295.0	1536.0
uc010vqv.1	1653.0	52.0	1536.0
uc031qxw.1	1653.0	1597.0	993.0
uc031qxy.1	2.0	511.0	1752.0
uc002fut.3	3916.0	148.0	1689.0
uc010cka.3	NA	NA	NA
uc002fuu.4	NA	NA	NA
uc002fuv.3	52.0	148.0	675.0
uc010vqy.1	1382.0	545.0	1035.0
uc010vqx.1	NA	NA	NA
uc002fxn.3	4408.0	117.0	3636.0
uc002fxp.3	4408.0	38.0	3507.0
uc010ckp.3	4408.0	96.0	3336.0
uc002fxo.3	4408.0	38.0	3513.0
uc002fxq.1	2.0	38.0	3375.0
uc002fxr.4	410.0	38.0	1464.0
uc010vrz.2	375.0	38.0	549.0
uc010clc.1	1.0	224.0	2193.0
uc002gbk.2	144.0	224.0	678.0
uc002gbj.3	158.0	224.0	573.0
uc010cld.1	380.0	224.0	2223.0
uc010vsw.1	345.0	224.0	2460.0
uc002gbm.4	2588.0	224.0	2589.0
uc002gbl.4	2588.0	224.0	2490.0
uc010clf.3	3293.0	24.0	1629.0
uc002gcb.3	3293.0	559.0	1605.0
uc002gca.3	3293.0	201.0	2124.0
uc002gbz.3	3293.0	263.0	1437.0
uc002gde.4	1422.0	359.0	2904.0
uc010vte.2	1422.0	1114.0	2007.0
uc010clo.3	1422.0	858.0	2007.0
uc010vtd.2	1422.0	298.0	1272.0
uc002gge.4	1302.0	1054.0	699.0
uc002ggt.1	2061.0	73.0	2508.0
uc002goz.4	1850.0	878.0	1230.0
uc010cot.3	3496.0	396.0	1566.0
uc010vwa.2	3496.0	483.0	1566.0
uc002gpa.3	3496.0	315.0	1566.0
uc010vxa.2	4127.0	157.0	1170.0
uc010vwz.2	4127.0	157.0	1167.0
uc010cpr.3	4127.0	157.0	1389.0
uc010vwy.2	4127.0	157.0	1452.0
uc002gry.4	4127.0	157.0	1374.0
uc002grz.4	4127.0	157.0	1524.0
uc010vxb.2	319.0	157.0	816.0
uc002gsy.4	4986.0	510.0	2814.0
uc002guw.3	291.0	167.0	2472.0
uc002gyw.4	6990.0	256.0	666.0
uc002gyx.1	NA	NA	NA
uc002hbx.3	NA	NA	NA
uc002hbw.3	633.0	296.0	636.0
uc010crs.2	638.0	296.0	246.0
uc002hed.2	1890.0	58.0	1407.0
uc010wbh.1	4894.0	0.0	4353.0
uc002heo.1	4894.0	0.0	4272.0
uc002hep.1	446.0	0.0	1350.0
uc002her.3	193.0	0.0	588.0
uc002heq.3	193.0	113.0	609.0
uc010csc.1	986.0	0.0	537.0
uc010wcg.2	2639.0	117.0	1170.0
uc002hjf.4	1854.0	117.0	2676.0
uc002hje.3	113.0	117.0	1017.0
uc010wde.2	4143.0	83.0	3780.0
uc002hoc.3	4143.0	83.0	3708.0
uc002hob.3	4143.0	83.0	3909.0
uc010wdg.2	4143.0	83.0	3327.0
uc002hod.3	4143.0	83.0	3540.0
uc002hoe.3	4143.0	83.0	3675.0
uc002hoa.3	4143.0	83.0	3945.0
uc010wdf.2	4143.0	83.0	3711.0
uc002hof.3	1313.0	103.0	2208.0
uc010cvd.1	1.0	80.0	2007.0
uc002hog.1	1938.0	409.0	1887.0
uc010wdh.1	176.0	83.0	1158.0
uc002hqs.3	4000.0	481.0	1251.0
uc021twj.1	70.0	481.0	870.0
uc002hrv.4	3190.0	212.0	4746.0
uc010wee.2	3190.0	595.0	4230.0
uc002hru.2	988.0	212.0	1671.0
uc010wef.1	1.0	586.0	3756.0
uc010cvv.3	3231.0	586.0	4473.0
uc002hrw.4	3231.0	586.0	4446.0
uc010wgm.2	NA	NA	NA
uc002hzw.3	276.0	968.0	987.0
uc010cyi.3	276.0	0.0	1080.0
uc002ici.1	1974.0	12.0	1842.0
uc002igw.2	2291.0	219.0	4509.0
uc002igv.2	2291.0	708.0	4275.0
uc010wiz.2	2291.0	471.0	4275.0
uc002ixi.3	248.0	42.0	2976.0
uc010ddj.3	2823.0	139.0	1356.0
uc010wom.3	3637.0	427.0	1419.0
uc002ixy.4	3637.0	139.0	1578.0
uc010won.3	3637.0	139.0	1509.0
uc010woo.2	3637.0	23.0	1383.0
uc002iyn.1	1925.0	29.0	3825.0
uc002iyo.1	1925.0	286.0	4815.0
uc010wov.1	656.0	286.0	1173.0
uc002iyt.2	2727.0	232.0	1818.0
uc010ddm.2	NA	NA	NA
uc002jal.4	5751.0	23.0	5973.0
uc010wpe.2	7645.0	59.0	3708.0
uc002jam.1	2121.0	147.0	1017.0
uc002jan.1	1030.0	78.0	486.0
uc002jao.4	5751.0	105.0	3306.0
uc002jbu.3	919.0	257.0	2817.0
uc002jbv.3	919.0	186.0	2817.0
uc002jbw.1	0.0	598.0	1110.0
uc002jbx.3	919.0	1093.0	2025.0
uc002jby.3	919.0	615.0	1455.0
uc010wps.2	919.0	16.0	921.0
uc002jge.3	2090.0	61.0	8712.0
uc002jgf.3	2090.0	61.0	8763.0
uc010wqm.1	1.0	61.0	3000.0
uc021uca.1	213.0	123.0	2163.0
uc002jgg.3	2090.0	123.0	1908.0
uc002jgh.3	320.0	6.0	1284.0
uc002jrm.4	1411.0	65.0	3879.0
uc002jrl.4	1411.0	36.0	2691.0
uc002jrn.4	604.0	65.0	2961.0
uc002jxd.2	258.0	118.0	1170.0
uc021uen.2	5283.0	150.0	15624.0
uc002jyf.4	1982.0	150.0	3192.0
uc031ret.1	0.0	150.0	957.0
uc002jyg.1	396.0	546.0	3846.0
uc010dhx.3	5283.0	893.0	675.0
uc002jzz.1	557.0	375.0	3360.0
uc002jzy.1	557.0	848.0	3114.0
uc021uey.1	552.0	584.0	585.0
uc031reu.1	552.0	851.0	585.0
uc002kab.3	344.0	375.0	2343.0
uc002knq.2	1189.0	182.0	4638.0
uc002knr.2	1189.0	142.0	4761.0
uc010dkw.1	930.0	69.0	1683.0
uc002kns.2	937.0	49.0	2976.0
uc002koe.2	998.0	123.0	2853.0
uc010wzo.2	998.0	122.0	2391.0
uc002kof.3	NA	NA	NA
uc002kod.2	998.0	123.0	2802.0
uc002kym.3	2391.0	252.0	1485.0
uc002kyl.3	2391.0	456.0	1485.0
uc002kyn.1	87.0	174.0	582.0
uc002kyp.4	2870.0	769.0	1272.0
uc002kyq.4	2870.0	992.0	1272.0
uc002kyr.4	2870.0	1498.0	1272.0
uc002lkr.1	3922.0	316.0	1608.0
uc010dqq.2	3922.0	176.0	1608.0
uc021ulj.1	0.0	0.0	1608.0
uc002llu.2	1.0	102.0	4683.0
uc010xfc.2	558.0	53.0	4983.0
uc010dqu.2	345.0	53.0	5448.0
uc002llw.2	1204.0	53.0	6747.0
uc010dqv.3	4093.0	481.0	765.0
uc002llx.3	4093.0	268.0	1134.0
uc010xfd.2	1594.0	663.0	516.0
uc002lmp.3	1594.0	260.0	483.0
uc002lmn.3	1594.0	260.0	561.0
uc002lml.3	1594.0	260.0	594.0
uc010dqz.3	NA	NA	NA
uc010xfe.1	9255.0	260.0	756.0
uc002lmr.3	4031.0	264.0	594.0
uc002lnw.3	1536.0	455.0	3396.0
uc002luv.3	2359.0	318.0	654.0
uc002luu.3	2359.0	159.0	654.0
uc002mal.3	372.0	100.0	2871.0
uc010xik.2	NA	NA	NA
uc002mbo.3	1351.0	168.0	2379.0
uc010duf.3	NA	NA	NA
uc002mbp.3	1351.0	293.0	2418.0
uc010xkr.2	2874.0	530.0	1053.0
uc010dwu.3	2874.0	323.0	1254.0
uc002mlu.3	2874.0	205.0	1461.0
uc010xku.2	4287.0	179.0	1074.0
uc010xkt.2	4287.0	238.0	1170.0
uc002mlx.3	4287.0	216.0	1065.0
uc010xks.2	4287.0	163.0	1281.0
uc002mly.3	4287.0	216.0	1281.0
uc010xkw.1	236.0	434.0	933.0
uc010xkv.1	236.0	216.0	1278.0
uc002msu.4	520.0	143.0	2229.0
uc031rjk.1	520.0	143.0	2238.0
uc010xme.3	520.0	208.0	2283.0
uc002mti.3	1248.0	147.0	1623.0
uc010xmh.2	1248.0	218.0	1425.0
uc002mua.2	602.0	162.0	1731.0
uc010xml.1	602.0	398.0	1635.0
uc010dyu.1	602.0	428.0	1404.0
uc010xmm.1	602.0	362.0	1404.0
uc002nav.3	1394.0	70.0	2079.0
uc010dzy.3	1394.0	1140.0	726.0
uc010dzz.1	NA	NA	NA
uc010xog.2	215.0	276.0	879.0
uc002nef.1	594.0	73.0	1803.0
uc002neg.3	658.0	73.0	1878.0
uc010eai.1	NA	NA	NA
uc002neh.1	1299.0	73.0	1974.0
uc010eak.3	985.0	152.0	6474.0
uc002nfi.3	1402.0	152.0	6069.0
uc002nfj.1	2.0	58.0	5880.0
uc002nfl.1	2.0	306.0	660.0
uc002nfm.1	1499.0	134.0	549.0
uc002nkx.2	262.0	146.0	3249.0
uc002nla.1	1999.0	298.0	3249.0
uc002nkz.1	1999.0	20.0	3291.0
uc002nlb.2	1373.0	146.0	3249.0
uc010xqk.1	627.0	306.0	2586.0
uc002nnk.1	880.0	154.0	1929.0
uc002npj.3	2025.0	181.0	1713.0
uc002npk.3	2025.0	181.0	1710.0
uc002nri.3	320.0	182.0	1707.0
uc010xrz.1	1.0	263.0	396.0
uc002nvp.1	1160.0	263.0	1200.0
uc002nvq.1	1160.0	240.0	1200.0
uc002nvr.1	1160.0	263.0	1332.0
uc002nvs.1	1160.0	339.0	1200.0
uc002oea.4	3858.0	82.0	1257.0
uc010xte.2	3858.0	135.0	1257.0
uc010xtf.2	3858.0	135.0	1260.0
uc002oeb.4	3858.0	147.0	1257.0
uc002oec.4	3858.0	224.0	945.0
uc010xtg.2	3858.0	236.0	945.0
uc002oeh.4	3251.0	202.0	1692.0
uc010xti.2	3251.0	278.0	1638.0
uc010xth.2	3251.0	284.0	1692.0
uc002oeg.4	3251.0	618.0	1377.0
uc002oej.3	NA	NA	NA
uc002ofl.3	691.0	215.0	2067.0
uc002ogx.1	2493.0	558.0	1560.0
uc002ogv.1	2493.0	516.0	1560.0
uc010xtt.1	2493.0	199.0	1557.0
uc002ogw.1	2493.0	610.0	1560.0
uc002oxu.2	763.0	99.0	2049.0
uc002oxw.2	763.0	1091.0	2049.0
uc002oyu.3	438.0	205.0	2400.0
uc010xwu.2	438.0	317.0	2247.0
uc002oyv.3	438.0	208.0	2400.0
uc010xwv.2	438.0	296.0	2247.0
uc010xww.2	438.0	296.0	2163.0
uc002oyw.3	438.0	157.0	2316.0
uc010ejh.3	438.0	2.0	2379.0
uc002ozh.4	760.0	1482.0	1050.0
uc002ozi.4	760.0	289.0	1998.0
uc002ozg.4	760.0	290.0	2076.0
uc010ejm.3	760.0	282.0	2004.0
uc002ozf.4	760.0	282.0	2079.0
uc010ekv.3	4388.0	0.0	4500.0
uc002pxb.3	1271.0	378.0	2136.0
uc002pyi.4	372.0	402.0	597.0
uc010epj.3	2516.0	1415.0	867.0
uc002pyj.3	2516.0	402.0	1758.0
uc002pyn.3	NA	NA	NA
uc002pym.3	418.0	283.0	2346.0
uc002pys.1	2688.0	43.0	318.0
uc002pyr.1	1525.0	43.0	1407.0
uc002pyt.1	538.0	377.0	1416.0
uc010eqi.2	163.0	237.0	354.0
uc002qag.3	4424.0	191.0	1530.0
uc002qai.3	4424.0	502.0	1530.0
uc002qah.3	4424.0	645.0	1368.0
uc002qar.4	1463.0	299.0	2457.0
uc010eqk.3	1463.0	416.0	2457.0
uc002qaq.4	1463.0	384.0	2457.0
uc002qas.4	444.0	440.0	444.0
uc021vck.1	458.0	271.0	1968.0
uc002qop.1	458.0	266.0	1995.0
uc002qoo.1	458.0	231.0	1989.0
uc002qpn.2	865.0	99.0	1284.0
uc002qpo.2	865.0	521.0	765.0
uc002qpx.4	3472.0	195.0	1605.0
uc002qqa.3	3472.0	263.0	1557.0
uc002qqe.3	1269.0	191.0	633.0
uc010euh.3	820.0	370.0	1080.0
uc002qqd.3	820.0	191.0	1209.0
uc002qqf.2	NA	NA	NA
uc002qsp.3	541.0	452.0	1266.0
uc010yia.3	1538.0	522.0	282.0
uc010yib.2	1467.0	452.0	438.0
uc002qsw.2	1424.0	145.0	1662.0
uc010eur.3	1048.0	117.0	1011.0
uc002qta.3	761.0	117.0	1011.0
uc002qsz.3	504.0	117.0	1353.0
uc010eya.2	1776.0	131.0	1869.0
uc002rep.2	1597.0	131.0	2166.0
uc002rfp.2	3058.0	168.0	885.0
uc002rfq.2	3058.0	127.0	903.0
uc010ykr.1	2392.0	657.0	2376.0
uc002rgu.2	2392.0	657.0	2382.0
uc010eyj.1	NA	NA	NA
uc021vfg.1	4130.0	8.0	957.0
uc002rma.3	2201.0	809.0	981.0
uc010ymi.2	2201.0	80.0	864.0
uc002rpz.3	132.0	30.0	3165.0
uc002rts.3	85.0	428.0	984.0
uc002rtt.3	754.0	428.0	1440.0
uc002rtu.3	1471.0	428.0	1143.0
uc002rtv.3	754.0	429.0	579.0
uc002rtw.3	2258.0	428.0	1164.0
uc002rtx.3	1.0	428.0	1290.0
uc010fbj.3	93.0	888.0	3177.0
uc002rwd.4	93.0	152.0	4083.0
uc002rwc.2	142.0	152.0	3207.0
uc010yoj.2	93.0	793.0	3177.0
uc002sda.3	969.0	340.0	2727.0
uc002scz.3	969.0	340.0	2811.0
uc002sdb.3	969.0	340.0	2730.0
uc002sdc.3	969.0	32.0	2814.0
uc010fec.2	414.0	46.0	3075.0
uc010yqw.1	0.0	46.0	3261.0
uc002shw.3	99.0	313.0	2445.0
uc002sia.3	254.0	639.0	5937.0
uc002shy.3	254.0	313.0	5937.0
uc002shz.3	254.0	323.0	5874.0
uc002shx.3	254.0	323.0	5937.0
uc002sib.1	900.0	202.0	3420.0
uc002sic.3	254.0	452.0	3228.0
uc002sid.3	254.0	787.0	1044.0
uc002sje.1	307.0	111.0	12504.0
uc002sjf.1	307.0	111.0	12378.0
uc002sjh.1	551.0	404.0	10527.0
uc002sjg.3	120.0	404.0	9741.0
uc010fev.1	1.0	13.0	489.0
uc002skb.5	5999.0	0.0	5388.0
uc010fez.3	261.0	45.0	2184.0
uc031roi.1	5999.0	45.0	4983.0
uc002snd.3	2413.0	1926.0	2754.0
uc002sqs.3	1095.0	379.0	5163.0
uc010ytb.2	1095.0	258.0	3261.0
uc002sqt.1	0.0	68.0	1230.0
uc010yur.3	2456.0	674.0	2019.0
uc002swn.5	2456.0	147.0	2637.0
uc002swm.5	NA	NA	NA
uc002swi.5	2456.0	82.0	2418.0
uc002swh.5	2456.0	276.0	2295.0
uc002swk.5	2456.0	505.0	2340.0
uc002swj.5	NA	NA	NA
uc010fhz.4	2456.0	674.0	2097.0
uc002swl.5	2456.0	505.0	2334.0
uc002swo.3	1927.0	215.0	723.0
uc002swp.1	1.0	345.0	1635.0
uc010fhy.2	0.0	474.0	1086.0
uc002swq.1	0.0	891.0	699.0
uc002szq.4	71.0	98.0	1122.0
uc002szp.4	71.0	38.0	1245.0
uc002szo.4	71.0	224.0	1122.0
uc002szn.4	71.0	352.0	1122.0
uc002szm.4	71.0	340.0	1122.0
uc021vlo.1	71.0	422.0	1122.0
uc021vln.1	71.0	485.0	1122.0
uc021vlp.1	0.0	0.0	1122.0
uc002tem.4	1910.0	126.0	9675.0
uc002tfb.3	2920.0	156.0	1578.0
uc002thw.2	1421.0	580.0	3408.0
uc010fkn.2	1421.0	580.0	3240.0
uc002thx.2	1421.0	1089.0	2991.0
uc010fko.2	1421.0	580.0	2859.0
uc010fkp.2	1421.0	828.0	1725.0
uc002thy.2	1421.0	445.0	2991.0
uc010yxo.1	1421.0	320.0	2739.0
uc010yyw.2	NA	NA	NA
uc002tmy.3	3085.0	992.0	1125.0
uc002tmz.3	3085.0	858.0	1872.0
uc002tna.3	3085.0	1321.0	1755.0
uc002tnc.3	3085.0	390.0	4614.0
uc002tnb.3	NA	NA	NA
uc010yyx.2	NA	NA	NA
uc010yyy.2	NA	NA	NA
uc010yzc.2	NA	NA	NA
uc021vnl.1	3085.0	390.0	4431.0
uc010yza.2	3085.0	390.0	4413.0
uc010yyz.2	3085.0	390.0	4437.0
uc002tnf.3	922.0	224.0	825.0
uc002tng.1	114.0	390.0	2700.0
uc002tpg.2	2089.0	199.0	4011.0
uc002tph.2	2625.0	199.0	774.0
uc002tpi.2	1987.0	199.0	981.0
uc002tpj.3	1841.0	55.0	429.0
uc002tpm.3	3461.0	279.0	933.0
uc002tpl.3	3461.0	251.0	933.0
uc002tpp.2	789.0	132.0	3147.0
uc010fmd.2	789.0	132.0	3252.0
uc002tpn.2	789.0	20.0	2427.0
uc002tpq.1	1.0	126.0	2418.0
uc002tzv.3	751.0	260.0	3579.0
uc002tzw.3	751.0	260.0	3450.0
uc002tzx.3	751.0	1209.0	2550.0
uc002tzu.3	83.0	260.0	2742.0
uc002tzt.1	0.0	591.0	1959.0
uc002tzy.1	0.0	1807.0	1377.0
uc002tzz.1	2.0	5.0	2085.0
uc002uaa.3	751.0	306.0	3006.0
uc002uac.3	751.0	901.0	1122.0
uc002uae.1	408.0	561.0	597.0
uc002uig.3	3482.0	531.0	2346.0
uc002uif.3	3482.0	29.0	2187.0
uc002uie.3	3482.0	384.0	2142.0
uc010zel.2	3482.0	531.0	2337.0
uc002uqt.3	105.0	434.0	1932.0
uc002ury.4	263.0	700.0	1200.0
uc002urx.4	263.0	880.0	1200.0
uc010fsb.3	263.0	556.0	1200.0
uc002uyo.3	1588.0	356.0	4974.0
uc010ftl.3	NA	NA	NA
uc002uyp.4	1041.0	356.0	3714.0
uc002uyq.3	402.0	356.0	2439.0
uc002uyr.3	1345.0	356.0	1191.0
uc002vbp.2	2831.0	250.0	7065.0
uc031rqy.1	2831.0	307.0	7059.0
uc010ziz.1	278.0	257.0	699.0
uc002vcd.3	8502.0	251.0	984.0
uc002vcc.3	8502.0	251.0	1026.0
uc010zja.1	NA	NA	NA
uc002vin.4	422.0	530.0	5064.0
uc010fvt.4	422.0	1161.0	4575.0
uc002vim.4	422.0	1236.0	4575.0
uc002vil.3	422.0	531.0	4947.0
uc002voh.4	4955.0	52.0	3729.0
uc021vxn.1	0.0	0.0	3729.0
uc002vpy.1	340.0	109.0	5169.0
uc002vpx.1	340.0	109.0	6123.0
uc002vpw.1	340.0	109.0	5979.0
uc021vxw.1	340.0	49.0	6078.0
uc010zlz.1	NA	NA	NA
uc010fxh.1	290.0	109.0	2469.0
uc002vvg.3	737.0	66.0	2247.0
uc010znd.2	737.0	87.0	2064.0
uc010zne.2	737.0	87.0	1971.0
uc010zoj.1	868.0	124.0	582.0
uc002wan.1	868.0	493.0	1233.0
uc010zok.1	267.0	59.0	759.0
uc010zon.2	467.0	148.0	3315.0
uc010fzl.2	467.0	133.0	3993.0
uc002wao.2	467.0	133.0	3972.0
uc010zom.2	467.0	133.0	3867.0
uc010zol.2	467.0	196.0	3414.0
uc021vzf.1	467.0	286.0	3972.0
uc002waq.3	1309.0	133.0	3432.0
uc002wap.3	1309.0	1804.0	2061.0
uc021wba.1	811.0	101.0	246.0
uc010gdb.3	2605.0	174.0	2136.0
uc002wsy.3	2605.0	77.0	2136.0
uc010zsq.2	2605.0	120.0	708.0
uc010zsr.2	2605.0	70.0	663.0
uc002wsz.3	2605.0	21.0	2136.0
uc002wuz.3	NA	NA	NA
uc002wva.3	817.0	522.0	2256.0
uc010ztg.2	817.0	522.0	2160.0
uc002wvc.3	817.0	124.0	2256.0
uc002wxq.3	3689.0	180.0	2244.0
uc010ztv.2	99.0	180.0	1143.0
uc010ztw.2	3689.0	65.0	2058.0
uc002wze.1	5385.0	146.0	1788.0
uc010zug.1	1142.0	411.0	1137.0
uc002wzh.1	5385.0	336.0	1728.0
uc002wzg.1	5385.0	537.0	1815.0
uc002wzf.1	NA	NA	NA
uc021wbz.1	35.0	336.0	792.0
uc002wzi.1	NA	NA	NA
uc002wzj.1	NA	NA	NA
uc002wzk.1	5385.0	997.0	459.0
uc002xaw.3	548.0	322.0	6192.0
uc021wcd.1	548.0	322.0	3213.0
uc002xav.3	548.0	2571.0	6192.0
uc021wce.1	0.0	49.0	5928.0
uc021wcf.1	0.0	49.0	2949.0
uc010gew.1	1.0	163.0	1398.0
uc021wcn.1	0.0	365.0	492.0
uc010gfe.1	NA	NA	NA
uc010zvd.2	NA	NA	NA
uc021wco.1	348.0	647.0	7329.0
uc010zve.2	348.0	2125.0	5433.0
uc002xco.3	72.0	87.0	441.0
uc010zvk.2	934.0	805.0	768.0
uc002xdw.2	934.0	77.0	1374.0
uc002xdt.2	934.0	528.0	1194.0
uc010zvl.2	934.0	77.0	1221.0
uc002xdx.3	145.0	77.0	570.0
uc002xgd.1	332.0	327.0	3051.0
uc021wcx.1	2710.0	340.0	4986.0
uc021wcy.1	1839.0	121.0	1557.0
uc002xjg.3	540.0	41.0	1848.0
uc002xjf.3	4040.0	41.0	774.0
uc002xjz.1	2063.0	2000.0	759.0
uc002xka.1	2063.0	178.0	8148.0
uc002xkb.1	1201.0	19.0	414.0
uc002xkd.2	0.0	188.0	3054.0
uc002xkc.3	1316.0	158.0	1122.0
uc002xlr.1	68.0	101.0	789.0
uc031rtp.1	5062.0	121.0	927.0
uc002xmc.2	5062.0	145.0	1029.0
uc002xmd.2	5062.0	121.0	1029.0
uc010ggr.1	5062.0	398.0	468.0
uc002xqd.3	481.0	245.0	2091.0
uc010zxg.2	481.0	418.0	2073.0
uc002xst.1	1025.0	46.0	3207.0
uc010zxz.1	1025.0	60.0	3165.0
uc002xss.2	1025.0	244.0	3561.0
uc002xtb.1	1025.0	60.0	3567.0
uc010zxy.1	1025.0	82.0	3726.0
uc002xta.1	1025.0	254.0	3561.0
uc002xsz.1	1025.0	89.0	3318.0
uc002xsy.1	1025.0	46.0	3432.0
uc002xsx.1	1025.0	921.0	2679.0
uc002xsw.1	1025.0	921.0	2763.0
uc002xsv.1	1025.0	46.0	3345.0
uc002xsu.1	1025.0	46.0	3264.0
uc010ghr.1	1025.0	46.0	3351.0
uc010ghq.1	922.0	31.0	2574.0
uc002xsr.1	1025.0	352.0	858.0
uc002xtc.1	1025.0	60.0	3483.0
uc002xtd.1	1025.0	60.0	3408.0
uc002xte.1	1025.0	191.0	3507.0
uc010zya.1	1025.0	191.0	3645.0
uc002xtf.1	1025.0	60.0	3705.0
uc002xtg.3	1211.0	29.0	2805.0
uc010ghs.2	1211.0	88.0	2805.0
uc002xth.3	573.0	60.0	465.0
uc002xvk.2	NA	NA	NA
uc002xvt.1	1059.0	345.0	3309.0
uc002xvu.1	1059.0	170.0	3309.0
uc002xwq.4	2217.0	342.0	3147.0
uc010gij.1	1.0	522.0	3012.0
uc002yba.3	3552.0	415.0	1152.0
uc002ybc.3	3552.0	349.0	1152.0
uc010zzx.2	3552.0	364.0	681.0
uc021wft.1	0.0	0.0	1152.0
uc002yds.2	1495.0	356.0	6723.0
uc002ydr.2	1495.0	312.0	6723.0
uc002ydu.2	3716.0	356.0	3570.0
uc002ydt.2	3716.0	312.0	3570.0
uc002ydw.2	788.0	312.0	1689.0
uc002ydx.2	788.0	356.0	1689.0
uc002ydv.2	788.0	319.0	1689.0
uc011aao.1	549.0	199.0	1635.0
uc002yjt.3	2501.0	69.0	1416.0
uc011abx.2	2501.0	479.0	792.0
uc002yrb.3	41.0	328.0	996.0
uc002yrc.3	41.0	374.0	996.0
uc002yrd.3	1015.0	328.0	1548.0
uc002yre.3	1015.0	374.0	1548.0
uc002yrf.3	1712.0	374.0	720.0
uc002ysf.1	1082.0	49.0	1365.0
uc002yse.1	1082.0	49.0	7281.0
uc002ysd.3	904.0	2118.0	4353.0
uc002ysb.1	117.0	49.0	6327.0
uc002ysc.3	536.0	49.0	6912.0
uc021win.1	0.0	64.0	4341.0
uc002ysg.3	119.0	11.0	3822.0
uc002ysh.3	904.0	298.0	459.0
uc021wjb.1	3358.0	573.0	2181.0
uc002yvs.3	3358.0	480.0	2181.0
uc010gnb.3	3358.0	1414.0	2181.0
uc010gnc.2	0.0	18.0	1620.0
uc002yzn.1	1469.0	48.0	2355.0
uc002zhf.3	NA	NA	NA
uc031rvz.1	NA	NA	NA
uc002zly.4	5874.0	133.0	2601.0
uc031rwe.1	373.0	133.0	213.0
uc002zng.4	3082.0	353.0	6009.0
uc011agl.2	3082.0	74.0	5757.0
uc010gre.2	NA	NA	NA
uc010grd.2	3082.0	368.0	357.0
uc002znh.2	115.0	353.0	2901.0
uc002znj.1	1517.0	428.0	2031.0
uc002znk.1	1517.0	74.0	2847.0
uc002znl.1	1517.0	1183.0	1746.0
uc002znm.3	4499.0	48.0	1353.0
uc010grf.3	4499.0	353.0	3222.0
uc011agm.1	237.0	353.0	1074.0
uc011agr.1	2583.0	248.0	1521.0
uc002zor.1	2583.0	1301.0	981.0
uc021wkz.1	2583.0	805.0	981.0
uc021wky.1	2583.0	248.0	1530.0
uc021wkx.1	2583.0	248.0	1644.0
uc002zoq.1	2583.0	248.0	1653.0
uc002ztf.2	3904.0	509.0	912.0
uc011aij.2	1099.0	116.0	1470.0
uc002zvg.4	2423.0	116.0	1563.0
uc002zvi.4	1173.0	116.0	1563.0
uc010gtj.1	200.0	116.0	1563.0
uc002zvh.4	1010.0	116.0	1584.0
uc002zvk.4	1035.0	137.0	801.0
uc002zwf.3	366.0	156.0	1530.0
uc011air.2	366.0	380.0	1482.0
uc010gtr.3	366.0	135.0	1530.0
uc002zwg.3	366.0	307.0	1530.0
uc002zwh.3	366.0	286.0	1530.0
uc002zwi.3	366.0	249.0	1530.0
uc002zwj.3	366.0	228.0	1530.0
uc002zwk.3	366.0	863.0	1530.0
uc021wne.1	NA	NA	NA
uc011ajq.2	3117.0	199.0	3237.0
uc002zzw.3	3117.0	303.0	3354.0
uc002zzv.4	3117.0	199.0	3354.0
uc021wnf.1	3117.0	545.0	552.0
uc003agw.4	5067.0	328.0	3486.0
uc003agv.4	5067.0	328.0	3597.0
uc003agu.4	5067.0	328.0	3513.0
uc003akh.3	1639.0	145.0	1917.0
uc003aki.3	1639.0	145.0	1179.0
uc003akj.3	498.0	355.0	2061.0
uc003akk.3	1639.0	355.0	1854.0
uc011aln.2	1639.0	533.0	1668.0
uc003aqw.1	2022.0	505.0	780.0
uc003aqz.1	NA	NA	NA
uc003aqy.1	2022.0	263.0	837.0
uc003aqx.1	738.0	263.0	837.0
uc003azl.4	1121.0	395.0	7245.0
uc003azz.1	2823.0	707.0	1035.0
uc021wqf.1	0.0	0.0	1035.0
uc003bai.2	3484.0	374.0	528.0
uc003bag.2	3484.0	374.0	615.0
uc003baf.3	3484.0	65.0	615.0
uc003baj.2	1383.0	65.0	366.0
uc003bcj.1	1390.0	134.0	5883.0
uc003bck.1	1328.0	134.0	5817.0
uc003beu.1	4267.0	337.0	720.0
uc021wrd.1	0.0	0.0	720.0
uc003bfs.3	3354.0	702.0	1323.0
uc011aqn.3	NA	NA	NA
uc003bfr.3	3354.0	462.0	1407.0
uc003bft.3	3354.0	372.0	1323.0
uc021wrg.1	NA	NA	NA
uc003bhw.1	2344.0	0.0	9045.0
uc011arc.1	272.0	114.0	3396.0
uc003bka.1	47.0	255.0	2670.0
uc003bkb.1	47.0	512.0	5460.0
uc010har.1	47.0	512.0	5436.0
uc010has.1	NA	NA	NA
uc010hat.1	0.0	425.0	672.0
uc003bkd.1	1150.0	245.0	336.0
uc010hau.1	528.0	512.0	954.0
uc011asr.2	19.0	398.0	1287.0
uc003bpw.5	563.0	67.0	1098.0
uc003bpy.4	19.0	152.0	1221.0
uc011asq.2	19.0	67.0	1638.0
uc011asp.2	19.0	67.0	2055.0
uc010hbx.3	19.0	715.0	1440.0
uc003bvg.2	716.0	581.0	2286.0
uc011atr.2	2011.0	581.0	2286.0
uc003bvf.3	2040.0	581.0	2286.0
uc011ats.1	NA	NA	NA
uc011att.1	NA	NA	NA
uc011avf.2	793.0	559.0	2244.0
uc011ave.2	793.0	104.0	2823.0
uc011avg.2	793.0	104.0	2712.0
uc021wtl.1	0.0	93.0	468.0
uc021wtm.1	115.0	546.0	438.0
uc031ryn.1	41.0	638.0	519.0
uc003bzg.4	NA	NA	NA
uc003bzf.4	NA	NA	NA
uc031ryo.1	NA	NA	NA
uc031ryp.1	NA	NA	NA
uc003bzh.4	NA	NA	NA
uc003bzi.3	6265.0	217.0	1848.0
uc003bzj.4	6265.0	217.0	1791.0
uc010hhb.3	2597.0	536.0	1386.0
uc010hha.1	233.0	683.0	777.0
uc003chy.3	2597.0	342.0	1584.0
uc003cik.2	1943.0	678.0	687.0
uc010hhe.2	1943.0	486.0	687.0
uc010hhd.2	1943.0	640.0	687.0
uc003cij.2	1943.0	722.0	687.0
uc011ayq.1	1943.0	96.0	957.0
uc003cii.2	1943.0	584.0	687.0
uc010hhf.2	1943.0	583.0	687.0
uc003cih.2	1943.0	96.0	1107.0
uc010hhg.3	NA	NA	NA
uc003cms.4	2585.0	332.0	2298.0
uc003cmt.4	2585.0	270.0	2298.0
uc010hik.3	2585.0	382.0	2298.0
uc011azr.2	2585.0	193.0	1680.0
uc003cmu.3	1046.0	106.0	735.0
uc011azw.1	6805.0	169.0	3096.0
uc003cnf.2	6805.0	348.0	3096.0
uc011azv.1	6805.0	147.0	3060.0
uc003cnp.3	1946.0	206.0	804.0
uc003cno.3	NA	NA	NA
uc003cnm.3	1040.0	206.0	3090.0
uc003cnn.3	1946.0	215.0	804.0
uc003cnr.3	844.0	556.0	1104.0
uc003cnq.3	844.0	221.0	1584.0
uc003cqs.3	685.0	53.0	7695.0
uc003cqv.3	685.0	86.0	7896.0
uc003cqr.3	685.0	364.0	492.0
uc003cqt.1	NA	NA	NA
uc003crb.2	NA	NA	NA
uc003crc.2	2025.0	126.0	1161.0
uc003crd.3	2875.0	126.0	1725.0
uc011bav.2	2875.0	331.0	1389.0
uc010hjq.2	0.0	46.0	729.0
uc021wxh.1	472.0	176.0	1434.0
uc003crp.4	362.0	176.0	1701.0
uc003cro.4	362.0	176.0	1620.0
uc003crn.3	362.0	522.0	1206.0
uc021wxi.1	362.0	668.0	1206.0
uc011bbb.2	362.0	668.0	1287.0
uc003cuf.1	0.0	0.0	12561.0
uc003cul.3	1742.0	281.0	9939.0
uc010hkg.3	1742.0	315.0	3888.0
uc010hkf.3	1742.0	218.0	1809.0
uc011bbx.1	766.0	138.0	1203.0
uc003cvj.2	665.0	138.0	3456.0
uc011bby.1	665.0	138.0	1800.0
uc010hkn.2	665.0	520.0	3288.0
uc011bbz.1	665.0	105.0	3213.0
uc021wxz.1	2419.0	469.0	2688.0
uc021wyg.1	2419.0	569.0	2688.0
uc021wya.1	2419.0	779.0	2688.0
uc021wyb.1	2419.0	311.0	2688.0
uc021wyi.1	2419.0	470.0	2688.0
uc021wyh.1	2419.0	565.0	2688.0
uc021wyc.1	2419.0	558.0	2688.0
uc003cxc.4	2419.0	418.0	2688.0
uc021wyf.1	2419.0	700.0	2688.0
uc021wye.1	2419.0	722.0	2688.0
uc021wyd.1	2419.0	259.0	2688.0
uc021wyk.1	2419.0	538.0	2688.0
uc021wyj.1	2419.0	475.0	2688.0
uc003dmn.3	2147.0	526.0	4389.0
uc003dmm.3	2845.0	526.0	3864.0
uc003dmo.3	1880.0	526.0	3771.0
uc003dmp.3	1880.0	526.0	3483.0
uc010hnx.1	1.0	127.0	927.0
uc010hny.2	1.0	872.0	1821.0
uc021xac.1	1.0	526.0	1272.0
uc003dmr.3	632.0	526.0	1077.0
uc011bhf.1	1786.0	27.0	2421.0
uc003dvk.1	1786.0	27.0	2598.0
uc010hpm.1	1028.0	27.0	1776.0
uc003dvl.1	1786.0	614.0	1764.0
uc003dvm.1	1786.0	516.0	2112.0
uc003dwc.3	705.0	322.0	2949.0
uc011bhi.2	705.0	34.0	2883.0
uc003dwa.3	705.0	334.0	594.0
uc003dwe.2	710.0	322.0	2313.0
uc003dwd.2	477.0	322.0	2433.0
uc011bhj.1	NA	NA	NA
uc003edz.4	1599.0	114.0	1320.0
uc011bjs.2	451.0	326.0	2460.0
uc010hri.3	451.0	145.0	2565.0
uc003eff.4	451.0	145.0	2460.0
uc003efg.3	451.0	326.0	1200.0
uc003efi.3	451.0	327.0	2460.0
uc003efh.3	451.0	327.0	2565.0
uc003efj.2	4342.0	326.0	2133.0
uc010hrj.3	3455.0	89.0	687.0
uc003efk.3	3455.0	89.0	2223.0
uc021xdb.1	5046.0	5.0	1575.0
uc003ege.3	2413.0	79.0	924.0
uc003egf.3	2413.0	896.0	924.0
uc010hrt.3	1352.0	91.0	2739.0
uc003egy.4	1352.0	635.0	2262.0
uc011bjx.2	1352.0	91.0	2862.0
uc003egx.4	1352.0	3162.0	2262.0
uc003egv.4	1352.0	227.0	1785.0
uc003egz.2	1359.0	1322.0	1368.0
uc003ehr.4	4942.0	90.0	708.0
uc003ehs.4	4942.0	68.0	4146.0
uc011bke.2	4942.0	68.0	4446.0
uc003eic.3	1657.0	737.0	2244.0
uc010htg.3	3689.0	177.0	1620.0
uc021xdy.1	3689.0	434.0	1962.0
uc003emy.4	3689.0	952.0	990.0
uc011blc.2	3689.0	54.0	1425.0
uc003epq.3	2228.0	455.0	777.0
uc003epp.4	3100.0	455.0	642.0
uc003epr.3	3100.0	202.0	333.0
uc003erh.3	673.0	130.0	1134.0
uc011bme.2	673.0	86.0	942.0
uc003etw.3	3814.0	982.0	3588.0
uc010huo.3	3814.0	346.0	3588.0
uc010hun.3	3814.0	453.0	3579.0
uc003ety.3	3814.0	440.0	3588.0
uc010hup.3	3814.0	47.0	3591.0
uc021xes.1	0.0	0.0	3588.0
uc011bps.2	4432.0	281.0	1995.0
uc003fgu.3	4432.0	712.0	2055.0
uc003fgv.3	4432.0	709.0	1917.0
uc003fgw.3	4432.0	709.0	2055.0
uc003fjk.3	345.0	157.0	3207.0
uc003fld.1	2323.0	49.0	780.0
uc003fmc.2	1480.0	58.0	600.0
uc003fnt.3	450.0	807.0	3933.0
uc003fns.3	450.0	451.0	4680.0
uc003fnr.3	450.0	348.0	4308.0
uc003fnq.3	450.0	294.0	4539.0
uc003fnp.3	450.0	271.0	4800.0
uc010hxy.3	450.0	214.0	4821.0
uc010hxx.3	450.0	271.0	4821.0
uc010hxw.2	0.0	486.0	2469.0
uc003fno.2	0.0	271.0	2784.0
uc003fnv.4	450.0	416.0	4803.0
uc010hxz.2	0.0	496.0	369.0
uc003fnw.3	450.0	389.0	4821.0
uc003fnx.3	450.0	368.0	4215.0
uc010iah.3	3033.0	1019.0	1215.0
uc003fwq.3	3033.0	595.0	1716.0
uc003fwt.3	23.0	471.0	1077.0
uc003gim.1	NA	NA	NA
uc003gil.1	3267.0	184.0	2979.0
uc003gjo.3	957.0	250.0	384.0
uc021xlc.1	0.0	0.0	384.0
uc003gjq.4	3206.0	379.0	4188.0
uc003gjr.4	3206.0	463.0	4188.0
uc003gql.2	331.0	2316.0	1347.0
uc003gqm.2	331.0	270.0	3966.0
uc010ieo.2	331.0	3.0	3534.0
uc003gqn.1	398.0	28.0	1146.0
uc003gqo.4	806.0	270.0	1851.0
uc003gsg.4	2385.0	528.0	2241.0
uc010iex.3	2894.0	528.0	1800.0
uc003gsh.4	2385.0	528.0	2265.0
uc010iey.3	2825.0	64.0	1053.0
uc003gxk.1	2105.0	164.0	4281.0
uc003gxj.3	684.0	164.0	1608.0
uc003gxl.1	2105.0	654.0	2025.0
uc003gyh.1	2059.0	605.0	9042.0
uc003gyg.1	2059.0	47.0	5112.0
uc003gyf.1	2059.0	285.0	1212.0
uc003gye.1	2059.0	1039.0	588.0
uc003gyi.1	2.0	3.0	4599.0
uc003gyj.1	0.0	529.0	2574.0
uc003gyk.3	60.0	605.0	4662.0
uc003gyl.1	1580.0	23.0	654.0
uc003gym.1	1108.0	605.0	318.0
uc003gyn.3	NA	NA	NA
uc003hbn.3	111.0	153.0	3297.0
uc010ihc.3	415.0	153.0	2574.0
uc010ihb.3	111.0	2530.0	1842.0
uc003hbo.3	111.0	181.0	2997.0
uc011caa.2	415.0	491.0	2370.0
uc011cab.2	111.0	1011.0	1842.0
uc003hbp.3	278.0	153.0	2526.0
uc003hbq.1	664.0	153.0	405.0
uc031seu.1	NA	NA	NA
uc031sfg.1	NA	NA	NA
uc031sff.1	129.0	347.0	924.0
uc031sfe.1	NA	NA	NA
uc031sfc.1	3692.0	406.0	2328.0
uc031sfb.1	3692.0	512.0	2328.0
uc031sfa.1	3692.0	427.0	2328.0
uc031ser.1	385.0	347.0	942.0
uc031ses.1	32.0	347.0	945.0
uc031set.1	NA	NA	NA
uc031sfd.1	129.0	347.0	1008.0
uc031sev.1	NA	NA	NA
uc031sew.1	NA	NA	NA
uc003hch.3	3692.0	347.0	3294.0
uc031sex.1	3692.0	347.0	3210.0
uc031sey.1	3692.0	613.0	2037.0
uc010ihf.4	3692.0	1375.0	2316.0
uc031sez.1	3692.0	468.0	2316.0
uc031sfl.1	129.0	136.0	1008.0
uc031sfh.1	385.0	136.0	942.0
uc031sfm.1	NA	NA	NA
uc003hci.3	3692.0	136.0	3294.0
uc031sfi.1	3692.0	273.0	2328.0
uc031sfj.1	3692.0	195.0	2328.0
uc031sfk.1	3692.0	1164.0	2316.0
uc031sfn.1	385.0	36.0	942.0
uc031sfq.1	129.0	36.0	1008.0
uc031sfo.1	3692.0	95.0	2328.0
uc031sfp.1	3692.0	36.0	2847.0
uc003hfo.3	434.0	199.0	1440.0
uc011cbx.2	4075.0	953.0	5991.0
uc011cbz.1	54.0	450.0	3375.0
uc003hkf.1	0.0	330.0	3378.0
uc003hkg.3	4075.0	121.0	5325.0
uc003hnu.1	NA	NA	NA
uc003hnt.2	1207.0	119.0	2712.0
uc003hns.1	546.0	617.0	2280.0
uc003hnv.2	1207.0	884.0	1863.0
uc010ikj.1	2457.0	573.0	810.0
uc003hqn.1	2457.0	256.0	1314.0
uc003hqm.1	2457.0	256.0	1635.0
uc003hql.1	2457.0	256.0	1863.0
uc011cdb.1	2457.0	385.0	1863.0
uc003hse.2	2579.0	231.0	3072.0
uc003hsf.2	2579.0	680.0	1830.0
uc011cdp.2	2579.0	146.0	378.0
uc003hsa.2	2579.0	577.0	1401.0
uc003hsb.2	2579.0	357.0	2094.0
uc003hsd.2	2579.0	357.0	2010.0
uc011cdq.2	2579.0	357.0	2010.0
uc003hsc.2	2579.0	357.0	2052.0
uc003hsg.2	2.0	1187.0	1272.0
uc010ikr.2	1.0	814.0	648.0
uc003hsh.1	2.0	1016.0	975.0
uc003icf.3	620.0	116.0	1371.0
uc011cgs.2	681.0	274.0	2817.0
uc003ifo.3	681.0	274.0	2913.0
uc011cgt.2	681.0	220.0	2790.0
uc003ihp.1	1266.0	251.0	1746.0
uc011chc.1	1266.0	141.0	1191.0
uc003ihn.2	1266.0	224.0	1566.0
uc003ihm.2	1266.0	224.0	1602.0
uc031shb.1	1266.0	224.0	1479.0
uc003iho.2	1266.0	224.0	1515.0
uc010ioh.4	1620.0	224.0	432.0
uc010ioj.3	1413.0	272.0	3801.0
uc003ijc.3	NA	NA	NA
uc003ijb.3	1532.0	534.0	3129.0
uc003ija.4	585.0	534.0	3015.0
uc003ilb.3	149.0	395.0	1470.0
uc003ilc.3	149.0	142.0	2538.0
uc003ild.3	149.0	332.0	2199.0
uc003imq.3	1623.0	228.0	1884.0
uc003imr.3	1623.0	177.0	1770.0
uc003ims.3	1623.0	162.0	2124.0
uc011cii.2	1623.0	212.0	2124.0
uc011cih.2	1623.0	77.0	1596.0
uc003imt.3	1623.0	370.0	2124.0
uc003imu.3	113.0	327.0	531.0
uc021xtc.1	0.0	420.0	501.0
uc021xsy.1	0.0	444.0	501.0
uc021xtb.1	0.0	277.0	501.0
uc021xsz.1	0.0	234.0	501.0
uc021xta.1	0.0	184.0	501.0
uc003inf.2	2973.0	75.0	3432.0
uc003iqd.2	442.0	183.0	873.0
uc003iqe.4	2258.0	183.0	3345.0
uc010isy.3	3456.0	216.0	1644.0
uc003jaw.3	3456.0	43.0	2106.0
uc003jav.3	3456.0	43.0	2160.0
uc010isz.3	3456.0	86.0	2094.0
uc003jax.3	3456.0	657.0	1383.0
uc003jay.3	3456.0	400.0	1674.0
uc003jaz.3	3456.0	948.0	957.0
uc003jdm.5	904.0	243.0	6801.0
uc021xwp.1	7703.0	145.0	1485.0
uc003jfg.3	NA	NA	NA
uc003jff.3	927.0	6.0	9294.0
uc011cna.1	270.0	152.0	4527.0
uc003jfh.1	845.0	0.0	6639.0
uc003jfj.3	5864.0	113.0	1071.0
uc003jfs.3	1703.0	87.0	1494.0
uc003jfr.3	1703.0	386.0	1071.0
uc003jft.4	4785.0	468.0	6177.0
uc011cnb.2	4785.0	175.0	2064.0
uc011cnc.2	4785.0	79.0	2814.0
uc011cnd.2	4785.0	252.0	4248.0
uc011cne.2	4785.0	425.0	4248.0
uc010itx.3	4785.0	71.0	5043.0
uc003jfu.2	1.0	468.0	627.0
uc003jfv.2	927.0	468.0	294.0
uc010iul.3	2773.0	170.0	1914.0
uc010iuk.3	2773.0	170.0	2082.0
uc003jhq.3	2773.0	170.0	2244.0
uc011cop.3	NA	NA	NA
uc003jjs.4	3117.0	103.0	1380.0
uc011coo.3	131.0	103.0	786.0
uc003jkl.4	927.0	499.0	8415.0
uc003jkk.4	1796.0	499.0	8094.0
uc003jkm.1	529.0	5.0	2943.0
uc003jkn.3	1286.0	803.0	1176.0
uc003jnj.4	588.0	998.0	1035.0
uc010ivl.1	1.0	256.0	951.0
uc011cpw.2	588.0	36.0	1872.0
uc003jnk.3	588.0	44.0	1770.0
uc003jnn.4	588.0	731.0	1035.0
uc003jnl.1	NA	NA	NA
uc010ivm.1	NA	NA	NA
uc003jnm.3	1713.0	10.0	234.0
uc003jqz.1	3526.0	144.0	1464.0
uc003jrd.1	3526.0	25.0	1653.0
uc003jrc.1	3526.0	25.0	1668.0
uc003jrb.1	3526.0	596.0	1125.0
uc003jra.1	3526.0	25.0	1650.0
uc003jre.3	NA	NA	NA
uc003jrf.3	NA	NA	NA
uc003jrg.3	NA	NA	NA
uc003jri.4	1927.0	1667.0	909.0
uc003jrh.4	1927.0	1274.0	1422.0
uc003jrj.4	1927.0	1010.0	1398.0
uc003jrk.4	1927.0	57.0	1443.0
uc021xyv.1	1927.0	510.0	909.0
uc011cvt.2	2113.0	213.0	8478.0
uc003kpy.4	2113.0	85.0	8532.0
uc003kpz.4	2113.0	193.0	8532.0
uc010jbz.3	2113.0	1120.0	7683.0
uc010jca.3	2113.0	453.0	6432.0
uc003kqc.3	855.0	189.0	435.0
uc021ycl.1	855.0	189.0	363.0
uc011cvu.2	1472.0	189.0	306.0
uc003kqb.2	989.0	189.0	333.0
uc021yck.1	977.0	189.0	237.0
uc011cwc.2	1741.0	327.0	2151.0
uc003kqs.3	1741.0	509.0	2187.0
uc003kqt.3	1741.0	739.0	1722.0
uc003kqu.2	1.0	509.0	183.0
uc003kqv.3	211.0	509.0	186.0
uc021ycp.1	3399.0	46.0	975.0
uc003krb.1	3397.0	562.0	1854.0
uc003ksf.1	1370.0	184.0	222.0
uc003ksg.3	1218.0	184.0	567.0
uc011cwf.2	1218.0	444.0	579.0
uc003ksi.3	1218.0	190.0	597.0
uc003lcv.3	2770.0	470.0	1179.0
uc011cyr.2	3033.0	139.0	363.0
uc011cyq.2	NA	NA	NA
uc003lcw.3	2770.0	445.0	1179.0
uc003lqk.2	1004.0	62.0	1485.0
uc003lql.2	1004.0	65.0	1434.0
uc010jgz.2	1004.0	65.0	1257.0
uc003lqm.2	1004.0	2042.0	1131.0
uc003lqn.2	1004.0	579.0	1215.0
uc011dcj.2	4879.0	589.0	2478.0
uc003lsk.4	4879.0	502.0	2649.0
uc003lsl.3	311.0	387.0	1671.0
uc011ddk.1	794.0	83.0	4524.0
uc003lvx.3	794.0	83.0	4527.0
uc011ddy.2	1261.0	171.0	2034.0
uc003lxo.2	1261.0	27.0	2076.0
uc011ddz.2	1261.0	236.0	2043.0
uc003lxp.3	1261.0	364.0	1992.0
uc010jiq.2	1261.0	150.0	2082.0
uc011dea.2	2.0	177.0	1167.0
uc003lxv.4	2270.0	57.0	1683.0
uc011dec.2	2270.0	57.0	1563.0
uc011ded.2	1042.0	57.0	2268.0
uc003lyb.1	1714.0	252.0	1308.0
uc011dee.1	1714.0	252.0	1164.0
uc003lyc.1	NA	NA	NA
uc011def.1	191.0	252.0	759.0
uc003mbo.1	2812.0	300.0	2907.0
uc003mbr.3	4870.0	171.0	2736.0
uc003mbs.1	971.0	171.0	405.0
uc003meo.1	1006.0	175.0	3027.0
uc021yif.1	0.0	0.0	3027.0
uc003mft.4	4754.0	160.0	7284.0
uc003mfp.2	0.0	93.0	1236.0
uc003mfr.4	4754.0	138.0	8091.0
uc003mfq.3	241.0	138.0	987.0
uc003mfs.1	0.0	17.0	5583.0
uc011dfx.2	4754.0	688.0	7035.0
uc021yip.1	4754.0	385.0	1563.0
uc003mjl.3	132.0	226.0	1839.0
uc003mjm.3	132.0	361.0	1839.0
uc011dgu.1	544.0	44.0	525.0
uc003mky.2	544.0	133.0	681.0
uc011dgt.1	544.0	44.0	690.0
uc003mla.3	125.0	44.0	1032.0
uc003mlb.3	125.0	357.0	630.0
uc003mlc.3	125.0	44.0	867.0
uc010jlk.3	1181.0	930.0	2604.0
uc003mmm.4	NA	NA	NA
uc011dhf.2	1181.0	67.0	2703.0
uc011dhe.2	1181.0	239.0	2604.0
uc021yjo.1	0.0	0.0	2604.0
uc003mne.2	1033.0	737.0	1893.0
uc003mnf.2	NA	NA	NA
uc003mnd.2	429.0	737.0	1557.0
uc003mnc.2	4937.0	737.0	936.0
uc010jlq.1	518.0	57.0	387.0
uc003mng.1	1033.0	342.0	633.0
uc003mud.3	NA	NA	NA
uc003muv.4	1848.0	999.0	1527.0
uc010jni.3	1848.0	232.0	2016.0
uc003mux.3	1848.0	60.0	2016.0
uc011dhs.2	1848.0	60.0	1878.0
uc010jom.3	NA	NA	NA
uc010jol.3	2761.0	289.0	351.0
uc010joo.3	2761.0	551.0	1209.0
uc010jop.3	NA	NA	NA
uc003mza.3	NA	NA	NA
uc003mzc.4	2761.0	559.0	1206.0
uc003mzd.3	2761.0	708.0	1203.0
uc003mze.3	2761.0	230.0	1209.0
uc011dje.2	1062.0	447.0	4521.0
uc010jpl.2	1062.0	447.0	4302.0
uc003ncd.2	1062.0	447.0	4428.0
uc003nce.2	1674.0	448.0	1047.0
uc003ncf.3	1674.0	160.0	5250.0
uc003nci.4	417.0	160.0	5274.0
uc003ncg.4	417.0	160.0	5418.0
uc003nch.4	417.0	160.0	5313.0
uc003ncj.3	657.0	30.0	1083.0
uc003nck.3	957.0	160.0	213.0
uc003nda.2	3284.0	327.0	1398.0
uc003ncz.2	2.0	327.0	864.0
uc021ymj.2	3284.0	136.0	1005.0
uc003nfm.4	3642.0	589.0	1398.0
uc010jqd.4	3642.0	457.0	306.0
uc011dkd.2	2558.0	285.0	879.0
uc003nhp.3	2558.0	249.0	1005.0
uc011dke.2	2558.0	167.0	936.0
uc010jqh.2	2832.0	259.0	1005.0
uc010jqi.2	1818.0	5.0	1005.0
uc011dkk.2	1524.0	368.0	1386.0
uc003nhv.3	1524.0	368.0	1542.0
uc010jqj.3	2471.0	198.0	1059.0
uc011dkj.2	2686.0	368.0	1137.0
uc021ynh.1	1004.0	218.0	1125.0
uc011dkn.2	1004.0	298.0	1608.0
uc003nhz.3	1004.0	243.0	1755.0
uc003nib.2	1089.0	248.0	1584.0
uc011dko.2	1089.0	319.0	1401.0
uc003nic.2	1897.0	248.0	1005.0
uc021yni.1	489.0	248.0	993.0
uc003njj.3	561.0	811.0	2256.0
uc010jqv.3	561.0	526.0	2256.0
uc003nji.3	561.0	285.0	2256.0
uc003nkz.3	265.0	440.0	2430.0
uc003nky.3	265.0	420.0	2430.0
uc003npt.3	1421.0	344.0	1620.0
uc003npr.3	1421.0	209.0	1620.0
uc003nps.3	1421.0	565.0	1620.0
uc010jry.3	1421.0	1486.0	810.0
uc003npu.1	0.0	249.0	438.0
uc003nqk.2	0.0	95.0	1716.0
uc003nql.3	831.0	95.0	2538.0
uc003nqm.3	831.0	95.0	2424.0
uc003oju.4	5076.0	234.0	4323.0
uc010jvm.2	NA	NA	NA
uc010jvn.3	NA	NA	NA
uc010jvo.3	NA	NA	NA
uc003opo.3	4997.0	178.0	1044.0
uc003opp.3	4997.0	178.0	957.0
uc003opq.3	4997.0	431.0	957.0
uc031soo.1	4997.0	61.0	1041.0
uc003osb.2	3414.0	824.0	2907.0
uc003ose.2	3414.0	563.0	3663.0
uc003osd.2	3414.0	563.0	3603.0
uc003osc.2	3414.0	824.0	2871.0
uc011duq.1	3414.0	258.0	3354.0
uc010jxu.1	NA	NA	NA
uc003ouw.3	NA	NA	NA
uc003oux.3	1088.0	78.0	6840.0
uc010jyv.3	1133.0	153.0	1545.0
uc003ovs.3	1133.0	37.0	1809.0
uc010jza.1	1821.0	3.0	2958.0
uc011dxs.1	801.0	497.0	3927.0
uc003pen.2	801.0	813.0	5856.0
uc010kah.1	0.0	483.0	3243.0
uc010kag.1	2.0	351.0	2559.0
uc003pem.2	1.0	405.0	2538.0
uc010kaf.1	1.0	356.0	2679.0
uc003peo.3	390.0	367.0	2211.0
uc003pep.1	801.0	25.0	6120.0
uc003pjg.3	3965.0	318.0	1329.0
uc003pjf.3	3965.0	313.0	1386.0
uc003pjh.1	0.0	130.0	552.0
uc003pjs.1	589.0	260.0	7398.0
uc011dyy.2	589.0	260.0	7431.0
uc010kbl.1	589.0	146.0	7371.0
uc003pjt.3	NA	NA	NA
uc003plk.3	NA	NA	NA
uc003plm.4	1887.0	41.0	8172.0
uc003pll.1	1102.0	29.0	603.0
uc003pnn.1	493.0	116.0	16791.0
uc003pno.1	435.0	412.0	1530.0
uc003pnp.1	411.0	116.0	1800.0
uc011dzz.2	627.0	63.0	5901.0
uc003pnt.3	627.0	235.0	5901.0
uc003pnr.3	627.0	196.0	5901.0
uc003pns.2	2.0	196.0	516.0
uc003puy.4	985.0	341.0	9393.0
uc003puw.4	985.0	15.0	594.0
uc003pux.4	985.0	810.0	9159.0
uc003puz.4	985.0	820.0	9159.0
uc003pva.1	NA	NA	NA
uc003pwn.3	2796.0	90.0	1245.0
uc011ebf.1	1.0	698.0	669.0
uc003pwq.1	1602.0	640.0	420.0
uc003pws.3	934.0	194.0	2877.0
uc003pwr.3	NA	NA	NA
uc011ebg.2	934.0	99.0	2934.0
uc003pwt.3	934.0	228.0	2877.0
uc003pwu.3	934.0	903.0	1878.0
uc021zes.1	867.0	136.0	1080.0
uc021zet.1	867.0	706.0	1077.0
uc021zeu.1	867.0	686.0	1077.0
uc021zev.1	867.0	597.0	1077.0
uc021zew.1	867.0	466.0	1080.0
uc003qav.3	867.0	196.0	1080.0
uc003qat.3	867.0	436.0	1077.0
uc021zex.1	867.0	555.0	1077.0
uc003qaw.3	867.0	468.0	1077.0
uc003qau.3	867.0	327.0	1077.0
uc021zey.1	0.0	0.0	1077.0
uc011ecq.2	3315.0	556.0	1758.0
uc011ecr.2	186.0	458.0	1713.0
uc003qec.4	3315.0	458.0	1920.0
uc003qed.4	3315.0	458.0	1920.0
uc003qee.4	3315.0	458.0	1851.0
uc011ecs.2	3315.0	316.0	1938.0
uc003qjd.3	1640.0	743.0	7341.0
uc003qla.3	1970.0	199.0	2238.0
uc003qmu.2	3576.0	548.0	3393.0
uc010kif.2	3576.0	769.0	3078.0
uc003qmv.2	602.0	140.0	2937.0
uc003qmw.3	97.0	548.0	2073.0
uc010kig.1	0.0	958.0	1695.0
uc003qqo.3	2888.0	0.0	6750.0
uc003qqp.3	2888.0	0.0	6711.0
uc003qqn.3	2888.0	0.0	6870.0
uc003qqq.1	3392.0	3.0	1053.0
uc003qqw.2	84.0	106.0	3867.0
uc011efm.2	NA	NA	NA
uc003qqx.2	2811.0	106.0	4491.0
uc003qqy.2	2811.0	740.0	3780.0
uc010kjo.1	263.0	270.0	1614.0
uc011efn.1	263.0	270.0	1551.0
uc003qqz.2	2811.0	633.0	3342.0
uc003qra.2	2811.0	410.0	2520.0
uc011ega.2	515.0	1881.0	3186.0
uc010kkc.2	1.0	205.0	4320.0
uc003qtn.3	515.0	142.0	4827.0
uc003qto.3	515.0	142.0	4677.0
uc011efz.2	NA	NA	NA
uc003qtp.3	515.0	57.0	1635.0
uc003qtq.3	515.0	1118.0	894.0
uc003qwb.1	0.0	142.0	4839.0
uc003qwc.2	2531.0	142.0	4956.0
uc021zij.1	2085.0	142.0	5232.0
uc021zik.1	2085.0	319.0	5346.0
uc003qwf.3	639.0	161.0	1128.0
uc021zim.1	2085.0	353.0	4146.0
uc003qwg.1	1637.0	663.0	2889.0
uc011eks.2	1421.0	209.0	1620.0
uc011ekt.2	1421.0	565.0	1620.0
uc011ekv.2	1421.0	344.0	1620.0
uc011eku.2	1421.0	1486.0	810.0
uc011ekw.1	0.0	249.0	438.0
uc011exj.2	1421.0	209.0	1620.0
uc011exk.2	1421.0	565.0	1620.0
uc011exm.2	1421.0	344.0	1620.0
uc011exl.2	1421.0	1486.0	810.0
uc011exn.1	0.0	249.0	438.0
uc011eyk.1	0.0	95.0	1716.0
uc011eyl.2	832.0	95.0	2538.0
uc011eym.2	832.0	95.0	2424.0
uc011fvw.2	1421.0	209.0	1620.0
uc011fvx.2	1421.0	565.0	1620.0
uc011fvz.2	1421.0	344.0	1620.0
uc011fvy.2	1421.0	1486.0	810.0
uc011fwa.1	0.0	249.0	438.0
uc011fwx.1	0.0	95.0	1716.0
uc011fwy.2	832.0	95.0	2538.0
uc011fwz.2	832.0	95.0	2424.0
uc011grz.2	1421.0	209.0	1620.0
uc011gsa.2	1421.0	565.0	1620.0
uc011gsc.2	1421.0	344.0	1620.0
uc011gsb.2	1421.0	1486.0	810.0
uc011gsd.1	0.0	249.0	438.0
uc011gta.1	0.0	95.0	1716.0
uc011gtb.2	831.0	95.0	2538.0
uc011gtc.2	831.0	95.0	2424.0
uc011hlg.2	1421.0	209.0	1620.0
uc011hlh.2	1421.0	407.0	1620.0
uc011hlj.2	1421.0	186.0	1620.0
uc011hli.2	1421.0	1328.0	810.0
uc011hlk.1	0.0	249.0	438.0
uc011hlu.1	0.0	95.0	1716.0
uc011hlv.2	831.0	95.0	2538.0
uc011hlw.2	831.0	95.0	2424.0
uc011ihy.2	1421.0	209.0	1620.0
uc011ihz.2	1421.0	565.0	1620.0
uc011iib.2	1421.0	344.0	1620.0
uc011iia.2	1421.0	1486.0	810.0
uc011iic.1	0.0	249.0	438.0
uc011iiz.1	0.0	95.0	1716.0
uc011ija.2	832.0	95.0	2538.0
uc011ijb.2	832.0	95.0	2424.0
uc011jfc.2	1421.0	209.0	1620.0
uc011jfd.2	1421.0	565.0	1620.0
uc011jff.2	1421.0	344.0	1620.0
uc011jfe.2	1421.0	1486.0	810.0
uc011jfg.1	0.0	249.0	438.0
uc011jgd.1	0.0	95.0	1716.0
uc011jge.2	832.0	95.0	2538.0
uc011jgf.2	832.0	95.0	2424.0
uc010kss.1	3887.0	324.0	2145.0
uc003sns.1	3887.0	519.0	2145.0
uc031swl.1	3887.0	101.0	2037.0
uc003son.4	5978.0	94.0	2157.0
uc003soo.2	629.0	94.0	2406.0
uc010kte.3	160.0	87.0	1386.0
uc010ktg.3	160.0	971.0	1656.0
uc011jwl.2	160.0	352.0	2184.0
uc003spl.3	160.0	87.0	2589.0
uc003spk.3	160.0	487.0	2184.0
uc003spj.3	160.0	52.0	2271.0
uc010ktf.2	0.0	87.0	1719.0
uc003spu.3	966.0	468.0	780.0
uc021zzf.1	0.0	0.0	780.0
uc003srb.3	4922.0	223.0	1092.0
uc010ktm.1	732.0	223.0	246.0
uc003sra.4	4922.0	62.0	1092.0
uc010kto.2	0.0	17.0	930.0
uc003tdb.2	1179.0	659.0	1872.0
uc003thi.4	2154.0	282.0	4359.0
uc003thh.4	2154.0	282.0	4539.0
uc011kbf.2	722.0	631.0	975.0
uc003thj.3	2154.0	2253.0	1692.0
uc003thk.3	2154.0	504.0	1338.0
uc011kbi.1	1413.0	370.0	4719.0
uc003tid.1	1413.0	605.0	4821.0
uc003tie.1	2448.0	528.0	1044.0
uc003tkz.3	3645.0	186.0	1086.0
uc010kye.3	NA	NA	NA
uc010kyy.3	1129.0	209.0	2025.0
uc003tpe.3	1129.0	815.0	2025.0
uc003tpc.3	1129.0	377.0	2025.0
uc003tpd.3	1129.0	370.0	2025.0
uc003tpb.3	1129.0	245.0	1692.0
uc022ada.1	0.0	0.0	2025.0
uc010lai.4	NA	NA	NA
uc003tvn.4	991.0	174.0	2199.0
uc011kef.3	991.0	78.0	1041.0
uc003ugh.2	791.0	91.0	2343.0
uc011kgq.1	791.0	267.0	1953.0
uc011kgp.1	791.0	330.0	1986.0
uc010ldr.1	NA	NA	NA
uc010ldq.1	NA	NA	NA
uc010lds.2	791.0	117.0	1539.0
uc010let.1	NA	NA	NA
uc011khm.1	887.0	237.0	1140.0
uc010leu.1	887.0	77.0	1140.0
uc003ulc.1	887.0	76.0	1200.0
uc003uno.3	4012.0	479.0	2124.0
uc011kie.2	5160.0	217.0	1206.0
uc022ahn.1	0.0	0.0	978.0
uc003upp.3	888.0	209.0	11580.0
uc011kis.2	888.0	209.0	11493.0
uc003upr.3	888.0	124.0	10698.0
uc003uqv.3	1573.0	124.0	2520.0
uc010lfx.3	1573.0	186.0	2520.0
uc003uqx.3	1573.0	251.0	2301.0
uc003uqw.3	1573.0	251.0	2520.0
uc003uqy.3	1573.0	1447.0	1728.0
uc003uxq.3	1028.0	231.0	2268.0
uc003uxr.3	2.0	231.0	906.0
uc022aiw.1	0.0	0.0	2268.0
uc031syr.1	9769.0	277.0	765.0
uc011kks.2	9769.0	247.0	534.0
uc003uzj.3	9769.0	145.0	765.0
uc010lhz.2	9769.0	254.0	765.0
uc003uzk.3	9769.0	249.0	765.0
uc003vli.4	924.0	1049.0	1842.0
uc011kql.2	6524.0	49.0	5853.0
uc011kqj.2	6524.0	49.0	5805.0
uc011kqk.2	6524.0	66.0	2205.0
uc011kqi.2	6524.0	66.0	2157.0
uc010lpg.3	528.0	526.0	2331.0
uc003wey.3	528.0	350.0	2331.0
uc003wez.3	528.0	418.0	2001.0
uc003wfa.3	528.0	745.0	1314.0
uc011kul.2	3225.0	851.0	1416.0
uc003wfl.3	3225.0	275.0	1929.0
uc011kum.2	3225.0	141.0	1944.0
uc003wfp.3	1194.0	128.0	1488.0
uc003wjq.1	138.0	276.0	2295.0
uc003wjr.1	138.0	1513.0	2319.0
uc003wqh.3	1864.0	76.0	1833.0
uc011kwl.2	1864.0	76.0	1689.0
uc003wqi.3	570.0	76.0	2508.0
uc003wso.4	4540.0	313.0	858.0
uc003wsn.4	4540.0	165.0	858.0
uc022arp.1	0.0	0.0	858.0
uc003xbj.4	1650.0	572.0	993.0
uc003xbk.4	1650.0	694.0	993.0
uc003xcp.2	2728.0	283.0	2250.0
uc011kzp.1	2728.0	24.0	2205.0
uc003xcq.2	2728.0	537.0	2184.0
uc003xgz.2	2824.0	756.0	2760.0
uc031taq.1	2824.0	301.0	498.0
uc031tar.1	NA	NA	NA
uc003xkn.2	3948.0	56.0	1950.0
uc003xkm.2	3948.0	56.0	3852.0
uc003xkl.2	3948.0	490.0	1839.0
uc003xko.1	4070.0	391.0	1653.0
uc003xkp.1	4070.0	651.0	1308.0
uc003xkz.2	2808.0	282.0	1266.0
uc003xky.2	2808.0	282.0	1374.0
uc011lbm.2	598.0	518.0	4281.0
uc010lwe.3	598.0	518.0	4167.0
uc003xlh.3	598.0	574.0	651.0
uc003xli.3	598.0	518.0	4314.0
uc003xlj.3	1539.0	518.0	1938.0
uc003xnz.2	4000.0	939.0	1371.0
uc003xon.4	2726.0	412.0	6015.0
uc010lxc.3	2726.0	500.0	6015.0
uc010lxb.3	2726.0	544.0	6015.0
uc010lxd.3	732.0	412.0	2448.0
uc003xwn.3	4248.0	259.0	3669.0
uc003yfz.3	1902.0	193.0	3006.0
uc022aye.1	0.0	0.0	3006.0
uc003yge.3	2395.0	269.0	1614.0
uc003ygf.3	2395.0	229.0	1689.0
uc011lgm.2	2395.0	316.0	1614.0
uc010max.3	2395.0	276.0	1689.0
uc031tbs.1	2395.0	24.0	1767.0
uc022ayg.1	0.0	0.0	1614.0
uc010maz.2	NA	NA	NA
uc003ygo.2	929.0	71.0	5439.0
uc003ygp.3	153.0	71.0	3444.0
uc003yhn.2	1891.0	324.0	750.0
uc022ayk.1	0.0	0.0	750.0
uc003ymb.3	1442.0	127.0	2523.0
uc003yma.3	1442.0	127.0	2580.0
uc003ylz.3	1442.0	1135.0	798.0
uc003ymc.4	4680.0	127.0	219.0
uc003yok.1	349.0	773.0	2241.0
uc003yqf.3	1874.0	705.0	2622.0
uc010mdi.3	1874.0	541.0	2622.0
uc003yqg.3	NA	NA	NA
uc003yqe.3	1874.0	610.0	2622.0
uc022bak.1	0.0	0.0	2622.0
uc003yrc.3	974.0	343.0	1995.0
uc003ywp.3	6895.0	514.0	1707.0
uc003ywo.3	1393.0	514.0	1671.0
uc022bcb.1	NA	NA	NA
uc003yzk.3	1980.0	69.0	3540.0
uc022bch.1	0.0	318.0	612.0
uc003zaa.1	247.0	13.0	7263.0
uc003zac.1	1024.0	9.0	13656.0
uc003zaj.2	1024.0	49.0	13725.0
uc003zah.2	1024.0	57.0	13602.0
uc003zag.1	1024.0	149.0	13578.0
uc003zaf.1	1024.0	170.0	14055.0
uc003zae.1	1024.0	74.0	13548.0
uc003zad.2	1024.0	52.0	13644.0
uc003zab.1	1024.0	129.0	13644.0
uc003zet.3	380.0	187.0	2049.0
uc003zeu.3	380.0	101.0	2049.0
uc003zgl.2	871.0	649.0	4059.0
uc003zgn.2	871.0	143.0	4059.0
uc031tct.1	871.0	758.0	4059.0
uc003zgm.4	3821.0	143.0	2937.0
uc003zgo.1	1.0	277.0	2697.0
uc003zgp.1	1.0	294.0	2697.0
uc003zgq.2	1.0	818.0	2223.0
uc003zgr.1	1.0	718.0	2223.0
uc003zgs.2	871.0	879.0	3585.0
uc010mgx.2	871.0	130.0	993.0
uc010mgy.2	871.0	2385.0	795.0
uc003zgt.1	1416.0	19.0	831.0
uc003zjr.3	1271.0	33.0	3318.0
uc011lmf.2	1271.0	33.0	2262.0
uc003zjs.3	3267.0	33.0	207.0
uc003zox.3	NA	NA	NA
uc003zoy.3	1987.0	571.0	1854.0
uc003zrc.3	843.0	192.0	2943.0
uc003zrb.3	843.0	192.0	3138.0
uc010mka.2	214.0	10.0	1602.0
uc011loi.2	991.0	10.0	1617.0
uc011loj.2	991.0	10.0	1701.0
uc003ztx.3	991.0	243.0	1509.0
uc022bfz.1	991.0	359.0	1509.0
uc003zty.3	991.0	366.0	1509.0
uc022bfy.1	991.0	398.0	1509.0
uc010mkb.3	9.0	211.0	1770.0
uc003ztz.3	991.0	36.0	1509.0
uc003zua.4	2000.0	120.0	4107.0
uc003zzx.3	2415.0	200.0	2034.0
uc022bgv.1	0.0	0.0	2034.0
uc004aay.3	1363.0	153.0	1554.0
uc022bgy.1	0.0	0.0	1554.0
uc011lrs.2	834.0	232.0	3063.0
uc004ahb.1	1.0	386.0	882.0
uc011lrt.1	0.0	314.0	2598.0
uc004ahd.3	1420.0	318.0	2982.0
uc004ahe.3	834.0	318.0	3573.0
uc004ahf.3	834.0	318.0	3132.0
uc011lru.2	834.0	151.0	3474.0
uc011lrv.2	834.0	0.0	3666.0
uc010mom.1	2298.0	190.0	450.0
uc004anr.4	1208.0	484.0	1878.0
uc004anq.4	1208.0	408.0	1878.0
uc004anp.4	1208.0	230.0	1878.0
uc004ans.4	1208.0	132.0	1878.0
uc022bjb.1	0.0	0.0	1878.0
uc004auf.2	1912.0	340.0	2265.0
uc004aug.2	1912.0	340.0	2250.0
uc010mri.2	255.0	102.0	2100.0
uc010mrj.2	1912.0	102.0	2427.0
uc004auh.2	1912.0	102.0	2421.0
uc010mrx.1	NA	NA	NA
uc004avt.4	2120.0	388.0	2139.0
uc011lum.2	2120.0	1088.0	1245.0
uc010mry.1	1.0	1088.0	2475.0
uc010mrz.3	2120.0	1574.0	1572.0
uc004avu.3	117.0	1245.0	1584.0
uc010msa.2	1361.0	876.0	1596.0
uc004awn.1	2913.0	189.0	2052.0
uc004awo.1	2913.0	651.0	2052.0
uc004axv.1	243.0	77.0	1326.0
uc004axw.1	243.0	2492.0	1017.0
uc010msq.1	1.0	539.0	756.0
uc022bku.1	1984.0	77.0	483.0
uc004ayk.3	3799.0	341.0	519.0
uc004ayl.3	3799.0	266.0	1578.0
uc004aym.3	3799.0	116.0	1578.0
uc004ayn.2	1301.0	116.0	291.0
uc022bkz.1	1185.0	214.0	480.0
uc004baw.3	768.0	214.0	828.0
uc022bla.1	768.0	175.0	828.0
uc022blb.1	768.0	182.0	828.0
uc004bax.3	NA	NA	NA
uc031tep.1	1011.0	648.0	1596.0
uc031teq.1	2713.0	303.0	258.0
uc004bbg.2	1011.0	523.0	1755.0
uc004bbi.2	1011.0	303.0	1839.0
uc004bbh.2	1011.0	303.0	1881.0
uc011lvk.2	1011.0	303.0	1836.0
uc022ble.1	1011.0	1927.0	1596.0
uc004bjx.2	1596.0	158.0	1962.0
uc004bjw.2	1596.0	161.0	1962.0
uc022bmo.1	0.0	0.0	1962.0
uc004bnj.3	510.0	212.0	1326.0
uc004bnk.3	510.0	74.0	1326.0
uc022bnc.1	0.0	0.0	1326.0
uc004bql.3	4295.0	273.0	1404.0
uc010mxf.3	4295.0	150.0	1404.0
uc022bnm.1	0.0	0.0	1404.0
uc004bsk.5	905.0	418.0	1878.0
uc004bsj.5	670.0	418.0	1977.0
uc031tfe.1	398.0	900.0	612.0
uc011mam.3	670.0	704.0	1431.0
uc004bwr.3	157.0	430.0	1617.0
uc004byl.3	1030.0	77.0	999.0
uc004byn.3	1055.0	77.0	594.0
uc004cbk.3	2799.0	183.0	8034.0
uc010mzt.3	2799.0	45.0	6792.0
uc004cbj.3	2799.0	45.0	6978.0
uc010mzv.3	1138.0	258.0	2469.0
uc010mzw.3	NA	NA	NA
uc011mcq.1	4887.0	234.0	3342.0
uc004ccb.3	4887.0	234.0	3492.0
uc004cca.2	4887.0	234.0	3495.0
uc011mcr.2	378.0	278.0	849.0
uc011mcs.1	1.0	493.0	1074.0
uc004ccc.1	658.0	234.0	1365.0
uc004cce.1	379.0	234.0	1101.0
uc004chp.3	NA	NA	NA
uc004chr.3	1659.0	263.0	1158.0
uc004chs.3	1659.0	401.0	594.0
uc004cht.3	1659.0	50.0	1224.0
uc004chu.3	1659.0	36.0	1695.0
uc004chv.4	1659.0	0.0	5184.0
uc004chw.3	1659.0	69.0	6999.0
uc004chx.3	1659.0	309.0	7074.0
uc010nbn.3	1659.0	319.0	7005.0
uc004chq.3	1659.0	30.0	603.0
uc011mea.2	1659.0	87.0	594.0
uc010nbo.1	0.0	187.0	3567.0
uc011men.2	2532.0	116.0	1185.0
uc010ncb.3	1809.0	32.0	1524.0
uc004cla.4	1809.0	236.0	1155.0
uc031tgg.1	1087.0	493.0	1701.0
uc011mgd.2	1087.0	493.0	1602.0
uc031tgh.1	1087.0	493.0	1506.0
uc011mge.2	NA	NA	NA
uc004ctk.4	4058.0	331.0	2004.0
uc004csz.4	4058.0	54.0	1020.0
uc004cta.4	4058.0	130.0	1272.0
uc004ctb.4	4058.0	195.0	984.0
uc004ctc.4	4058.0	166.0	1305.0
uc004ctd.4	4058.0	250.0	1137.0
uc004cte.4	4058.0	190.0	2004.0
uc004ctg.4	4058.0	401.0	2004.0
uc004cth.4	4058.0	401.0	1890.0
uc004ctj.4	4058.0	323.0	2004.0
uc004cti.4	4058.0	193.0	2004.0
uc011mie.1	NA	NA	NA
uc004ctl.2	247.0	130.0	738.0
uc004ctm.2	247.0	56.0	1623.0
uc004ctn.2	247.0	56.0	1470.0
uc004cto.2	247.0	56.0	1356.0
uc010ndu.1	1.0	116.0	441.0
uc010ndw.1	1.0	372.0	273.0
uc010ndv.1	1.0	131.0	273.0
uc004cts.1	1.0	235.0	441.0
uc004ctr.1	1.0	186.0	441.0
uc004ctq.1	1.0	325.0	441.0
uc004ctp.1	NA	NA	NA
uc010ndx.2	NA	NA	NA
uc004ctt.3	2.0	56.0	1197.0
uc004ctu.3	2.0	56.0	1044.0
uc004ctv.3	2.0	56.0	1083.0
uc004ctw.3	2.0	56.0	930.0
uc010ndy.2	2.0	56.0	936.0
uc004ctx.3	NA	NA	NA
uc010ndz.1	NA	NA	NA
uc004cty.3	1100.0	56.0	687.0
uc004ctz.1	NA	NA	NA
uc004cua.1	NA	NA	NA
uc004cub.1	25.0	56.0	801.0
uc004cuc.1	389.0	56.0	666.0
uc004cud.1	104.0	56.0	714.0
uc004cue.1	389.0	56.0	552.0
uc004cuf.1	104.0	56.0	600.0
uc004cug.1	0.0	413.0	546.0
uc004cwg.1	160.0	268.0	2580.0
uc004cwh.1	160.0	147.0	2580.0
uc004cxx.3	3529.0	338.0	4893.0
uc011mix.2	3529.0	338.0	4956.0
uc004cxz.3	3529.0	274.0	4362.0
uc004cxy.3	3529.0	274.0	4425.0
uc004cya.3	3529.0	1283.0	4062.0
uc004cyv.4	1187.0	430.0	3708.0
uc010nff.1	NA	NA	NA
uc010nfe.1	0.0	44.0	633.0
uc010nfg.1	NA	NA	NA
uc010nfi.1	0.0	96.0	591.0
uc010nfh.1	NA	NA	NA
uc022bvk.1	NA	NA	NA
uc022bvi.1	1.0	1034.0	1947.0
uc004dge.4	1189.0	375.0	4206.0
uc011mkz.2	1189.0	375.0	4362.0
uc011mla.2	1189.0	375.0	4071.0
uc011mlb.2	1189.0	375.0	4227.0
uc011mlc.2	1189.0	1007.0	3318.0
uc022bvj.1	1189.0	375.0	3969.0
uc010nhk.2	0.0	375.0	3042.0
uc011mld.2	1189.0	127.0	3123.0
uc004dhu.4	1268.0	67.0	2442.0
uc011mlm.2	1268.0	274.0	2082.0
uc004dhx.4	1268.0	767.0	2340.0
uc004dhy.4	1268.0	640.0	2340.0
uc004dhw.4	1268.0	289.0	2346.0
uc004dhv.4	1268.0	289.0	2370.0
uc004dht.4	1268.0	411.0	2082.0
uc004dhs.4	1268.0	67.0	2466.0
uc004dhz.4	2.0	289.0	402.0
uc004dia.4	2.0	279.0	396.0
uc004dir.3	1316.0	346.0	1920.0
uc004dis.3	1316.0	309.0	1863.0
uc004dit.3	1316.0	368.0	1920.0
uc004dus.3	1262.0	281.0	1875.0
uc011moq.1	199.0	247.0	1539.0
uc004eap.1	357.0	584.0	3384.0
uc004eaq.1	357.0	97.0	3753.0
uc011mrg.2	22.0	169.0	2229.0
uc004egx.3	22.0	270.0	2271.0
uc004egy.3	526.0	13.0	1569.0
uc004enr.3	959.0	158.0	1197.0
uc004ent.3	959.0	158.0	1011.0
uc004ens.3	959.0	712.0	945.0
uc011msl.2	959.0	712.0	759.0
uc010npi.3	NA	NA	NA
uc004err.3	1015.0	169.0	2073.0
uc022cdk.1	1015.0	222.0	2118.0
uc004erq.3	1015.0	653.0	2073.0
uc004esy.3	536.0	411.0	957.0
uc004esz.3	536.0	239.0	957.0
uc022cdo.1	0.0	0.0	957.0
uc011mzy.2	1870.0	108.0	879.0
uc004fnb.3	1870.0	108.0	876.0
uc004fna.3	1870.0	108.0	951.0
uc011mzz.3	44.0	108.0	216.0
